117829
73137
375296
376571
359195
198322
161800
187726
88662
44751
327667
347395
282793
116049
256268
388210
206249
243847
53056
38884
122644
164166
350643
79490
33334
337577
102618
358009
42263
78262
131911
125668
367899
348201
236602
248540
306226
167833
324806
319305
129788
377602
136620
272778
4308
235799
7561
121554
193441
212542
20769
313620
73792
366146
27494
261666
353458
64955
132163
127247
34669
295149
241788
263863
282658
118524
269409
167076
248402
323642
181866
35610
117191
234514
350082
269590
156830
165234
3418
376063
214998
10756
53377
176540
359990
385007
138528
21601
334955
107799
149524
350380
149291
8519
180038
323799
348822
285017
132428
199869
23408
105490
50974
254931
11416
92549
305894
367644
333358
289891
235870
356273
128771
244273
224629
213777
90923
26920
374611
242398
334919
252815
176684
277866
135437
284702
61309
288473
368781
252640
111087
258201
3666
355642
245377
319635
336249
7445
128907
132387
310895
55433
239439
301839
358716
247073
243924
244305
23974
37401
298035
119430
292432
5708
72203
344703
93352
44342
259494
165890
172952
365713
251541
49614
92314
55610
342597
74903
305405
358063
162238
155188
361312
226708
94535
385416
179907
196944
227199
331678
275649
368811
200076
43394
266620
368979
169479
138879
227185
257571
84720
125257
124811
280302
221085
160694
155434
297229
382065
381888
361515
229607
300804
80557
309002
342085
30437
227940
202185
7400
102230
115724
341021
297366
373648
4758
164105
367690
1747
149269
273119
140447
4228
325603
311353
81749
41825
164106
318924
22816
207166
312064
154495
274128
295095
280141
226823
187260
340070
312826
30996
164816
325340
243011
238610
93761
38061
32408
75656
195443
250951
153872
5029
145452
194405
318781
362136
109775
97987
39651
273971
284361
377005
386474
262864
57323
369863
180445
67169
183528
375162
322843
248552
329391
111332
165703
55391
291252
137694
28388
184044
46404
58922
82424
391124
132526
378885
291496
378973
89718
212905
344184
381293
339976
246245
54419
89248
376135
340884
117935
356380
216719
352573
305995
55578
18839
161287
70300
202777
237565
3572
63021
299481
200978
45662
110675
194758
10183
2018
17513
206262
120115
269563
303230
377391
77073
315967
385399
6026
349804
125919
307106
284540
312817
24545
22286
378320
49537
232843
330629
349749
386333
317122
181705
45420
358936
206101
75311
245352
51580
326612
103540
68087
330230
392504
373557
308360
251387
358359
262681
292417
251333
40390
344514
180229
181883
388967
12124
105375
7392
88110
223351
274937
202465
5838
87726
57031
371676
90772
140332
193012
267642
66900
241715
218985
286928
247487
275785
140144
263855
71065
222953
202
141970
271839
139489
372886
258830
212118
256502
300115
261213
157095
84468
218768
184439
108577
149742
164945
310623
308759
77992
306539
341966
368215
382420
208267
153566
377562
377800
272528
230822
309016
227743
258741
72945
40849
256496
371946
325553
179420
170826
197313
251296
115887
333349
188759
352247
221971
205203
22761
79494
308313
246907
190274
299438
258673
109028
84903
265946
56132
376896
337640
59737
333116
343500
344521
327539
263567
217382
145818
59021
155022
130100
29606
380711
251234
265147
28868
351403
3899
328990
80182
129396
320222
219917
165314
100301
314651
55838
88912
193991
225697
231155
335064
32440
82157
177528
278458
206302
31713
203230
288232
214040
302577
276084
39689
232793
13505
1534
156484
305287
254536
246521
352171
29543
108935
207121
168216
372009
275052
208465
176526
153771
54142
264416
269091
366082
91058
165532
359899
369077
1444
46127
53020
347756
253407
97608
294606
138642
207575
20046
139414
152859
193675
297329
326905
171916
76742
119244
43802
19919
384771
313721
285965
118512
185303
72961
388684
28755
357288
231340
95224
201168
4046
81330
335498
88982
192885
231762
11048
184865
14071
10537
343433
6893
56307
192470
322089
289827
127595
313785
96077
361095
151271
250598
324573
34876
250827
317542
8305
130133
364516
188232
375764
181732
298981
192906
111447
228137
255116
355631
317309
254732
267644
130569
45467
335118
129613
201800
172292
382249
98104
72503
332749
42257
320170
70702
365888
318199
166393
174821
287919
93898
184571
345926
171872
338381
232269
305220
364462
85858
271982
286624
266030
71955
113744
270914
382125
64279
274577
375449
53611
38547
351106
49874
392210
126542
59298
380323
82457
8280
354100
54076
273110
311385
330927
190276
250771
215674
197524
135652
226965
128190
286967
310779
236250
354277
107165
247105
234856
139194
151188
211859
342770
191354
577
195121
200134
126843
63205
377199
177042
359116
109894
357842
310394
72959
299588
56576
97554
233010
201092
4567
80209
249430
29920
236693
139127
380250
15337
93229
263725
17307
320421
305345
60677
18386
367803
143684
288378
284424
214318
178586
254073
157301
117767
1966
4200
83683
74526
332070
209978
287871
294187
203447
11572
139921
166511
319344
72575
232920
550
114636
239964
157161
283108
105792
43140
361574
126947
111633
205938
59190
363407
106239
365161
55393
175180
37131
169430
142911
324244
196305
16227
229353
79337
121864
368082
71051
52752
332394
321188
170570
141453
370575
387643
64613
172940
295809
323270
107248
303770
330819
219560
8183
355079
132768
350672
291542
18253
145869
91337
121559
231655
121146
175474
200902
293701
362162
225044
234351
117724
32237
14843
135435
383593
391967
131208
306512
186245
145290
137308
227078
63012
97927
199505
54744
375758
87782
377677
207892
247365
67676
341486
164585
66434
12000
115477
106733
92511
380333
77181
115443
310282
165990
355349
130564
312206
187899
122824
176928
312552
262336
66104
54072
388824
130356
381505
18039
96945
97360
225395
230555
231503
335049
335036
204650
54979
274880
42142
42811
262583
343357
157670
229008
158166
159639
88808
52816
362802
27949
110046
33741
139930
23621
258965
335070
163621
121142
365139
345445
355203
210886
313346
39840
175954
333414
113189
361640
332399
30595
280231
52387
239961
226503
105066
13045
302914
208178
20426
181788
365572
41220
320342
187200
390098
305449
167550
7172
236611
256963
101141
138227
111058
321401
283591
151117
100096
306229
125890
128192
209339
91845
311933
39310
84372
169853
12376
187174
348983
267457
136500
311548
143432
202553
313464
13311
281332
339129
93865
377775
235817
284316
81484
90576
176725
215071
55786
347865
313227
76250
209990
100183
326061
59440
218203
166405
365608
173376
225849
372674
294594
153716
101411
65473
150606
168034
293187
92582
98956
157051
65255
78146
226880
242643
360702
243364
239394
326486
215001
205586
111671
282683
142363
38041
7399
177815
94189
180985
335820
104478
48275
215493
23017
127953
340051
324401
195141
124482
375702
149920
302258
50522
288289
32083
271362
320645
348672
84674
94096
336286
314922
15476
116499
54827
248592
193628
145104
39872
69813
283465
391471
286279
140632
76870
375857
706
267139
384494
256284
344919
306472
76971
392133
216692
291314
351843
243412
221683
254192
189590
80081
370650
304120
218850
8561
380121
180329
57225
188781
233525
378929
61335
289938
15331
209216
128327
385226
380419
305855
62888
40789
212290
57322
131938
329792
21473
32246
343048
221379
253419
323542
252349
193774
29765
94091
195934
292168
353181
91740
28255
375735
9949
7291
142030
295286
84426
346480
99028
14758
339055
342183
23901
173081
249956
245612
28939
198268
71561
325593
191509
249962
186487
141022
46988
229919
10075
25659
96630
120204
375223
108256
196607
115442
118776
369157
205899
59970
255848
127046
71020
127835
36952
182756
345561
311214
1105
128529
28355
180045
63482
14223
317633
363005
301235
232739
73985
327869
376926
3736
289392
67475
12041
47913
370643
314405
148846
291600
392396
368097
58748
187673
321346
181855
264034
350626
181204
40679
374536
23573
270239
198442
212738
128997
242779
282935
140986
185475
17565
128440
274484
345546
2054
145446
314597
300967
165998
102654
256516
2452
150436
105437
221234
71741
214858
1465
89772
28762
237342
44218
271048
339970
138549
112506
198512
339258
256476
14418
200149
134038
183326
373500
254697
121209
215148
386467
201459
264022
388899
355748
183426
274180
251086
94186
120871
31991
42221
345375
92099
15677
377887
273260
31821
351751
374484
45233
381331
146308
390137
130277
33657
340123
176780
340249
250622
226112
190092
389395
110168
122866
359256
261524
15487
231973
209504
8100
323532
113636
103249
136936
334954
77695
274879
365473
390905
155999
100991
357217
339012
43099
328014
7726
362755
57781
221297
272348
217836
380169
320491
282105
381406
63844
374804
145692
6597
140025
286907
51982
233200
222668
337722
172063
367405
43030
374710
270208
273801
222294
349200
209733
324252
286200
85901
143986
233743
19337
238916
172521
257825
297721
113297
284520
172530
71706
151472
332533
195758
116023
364357
116405
109010
313379
92822
90007
2715
179613
302555
163786
130409
335872
386101
47039
167603
93431
98948
212609
345630
181389
75780
43245
105401
347734
331382
386557
162843
54953
43887
189235
53117
27867
276382
5107
192925
12247
259617
26331
59750
1145
196201
252553
265901
357562
342657
347854
374421
103826
227756
32593
234060
217540
338985
289596
358738
185095
23582
234674
89424
259613
156952
265870
207609
211890
348090
206155
89855
141195
270032
135525
125096
22116
244485
323848
218441
99239
248095
332219
2189
297297
340670
28985
248054
242329
70448
214702
320936
186063
295766
324679
298895
142584
292580
8278
367391
362830
222022
212091
372350
73506
33348
339933
199473
326893
309717
225979
107190
384119
52160
211289
90705
143214
295097
345289
341461
10175
306854
101972
288462
87760
156257
239450
184285
173302
186999
127779
309882
193582
38122
364419
178597
356717
200681
83144
343246
322733
240520
320703
198467
239994
268751
275511
35007
333841
145612
202073
245404
64682
28405
353884
233177
215254
309899
177896
225887
231883
188020
372562
210370
58788
162592
162129
31558
180152
117288
78434
242506
206050
301226
206572
71229
105630
20531
336667
52821
221202
361216
111827
46583
208966
324341
10367
123223
114548
184365
99066
181864
255413
65885
189420
344209
381575
381463
368045
233320
245640
377459
362917
156564
25173
55890
374687
110304
128232
372563
191727
306173
188593
180360
145383
287451
370202
385256
331676
37550
391556
263505
255174
377036
19600
173786
182804
202679
239710
160952
113785
82427
94082
344133
235429
36937
149955
242676
108634
343091
311233
195646
21935
255442
306519
262781
54521
283578
73579
227300
13549
92497
6277
67856
112650
158863
115917
64067
62912
225184
175252
27235
368018
270777
171423
124094
314563
257768
134082
375918
246374
375075
38168
340656
5943
324384
238241
240097
388748
359950
352323
41510
193685
121231
258982
128817
81474
385066
348764
370763
341808
203960
368782
369584
171333
296979
54088
318559
303
147496
159005
100542
222013
149853
3967
171632
261979
370824
19110
126660
62152
148782
234772
74207
50902
292226
175115
255862
379467
53122
71714
31849
143130
65054
38742
29177
336536
110890
207263
300918
182362
270265
113387
362627
284429
122201
252114
389962
43011
269483
82259
137072
254968
130470
236674
35375
141737
391509
215452
38083
28013
358518
66265
314804
240040
74942
304228
10145
279332
275239
202373
318972
302414
315995
143950
122981
124622
349914
54938
318505
386363
5356
126597
61676
176307
25387
286691
58395
230367
101080
279771
160110
134156
210739
60953
317733
6540
98043
37012
26380
178984
179968
327543
190135
65523
56862
123447
129309
65962
201646
311727
216928
127229
197118
80728
94527
138752
390350
265906
105557
355881
3448
175997
329482
253393
184849
49460
192799
300822
380680
385611
382998
86501
185750
23653
92149
273933
374495
86410
127111
167953
63368
126237
325705
297747
217147
346136
33925
277538
163132
124866
51847
125095
112446
232258
100595
165766
134769
121538
265950
134420
193516
229504
56666
392693
291108
360010
33495
317930
114865
176797
283527
164837
335408
340771
96675
151408
116736
157941
92738
101123
45827
2665
174873
304969
26170
333815
249235
44482
165875
79940
360014
317753
29970
322281
77066
375188
248997
97870
298106
292332
87831
267357
138985
258456
54084
61131
123521
153110
153167
1213
16647
388123
250476
130547
49174
94593
74702
58283
22771
279341
375138
307233
74769
388889
59739
13989
133241
327259
105412
247033
4380
42382
145778
343389
69327
391227
256392
131273
264703
349666
109822
203021
13574
80186
187239
369766
118828
261952
384615
106283
374979
223630
156941
119079
53603
30864
390211
11557
39212
388449
124559
177899
309215
378573
292865
111561
112065
270313
325706
133849
294950
93242
340937
113232
110717
252108
108519
301574
363837
114786
352840
106529
103028
270988
101204
114371
369719
322191
75937
112139
32622
289299
210160
190119
158305
325875
251688
37014
374989
59986
170175
371372
324850
340143
333775
345355
32182
52266
168548
7873
32219
34785
330100
221981
132556
8719
202520
373262
83264
314997
36399
109891
159218
348977
370565
349363
248092
234805
262556
201653
222105
375098
48848
310768
316037
5201
359767
324326
136359
30737
128810
152136
110373
220355
268432
45944
70645
77352
388871
84375
323786
346924
124438
219695
329263
80054
33896
312004
125395
64977
306364
202486
117884
262028
157187
220688
10400
369650
276405
304598
98512
287064
93315
140661
249064
61997
20880
207324
316130
366517
127626
114355
147263
226306
324482
294419
276269
6454
84038
270598
175502
162196
46716
33532
213392
267526
298731
113839
218523
346895
258481
70307
323134
307675
246221
327303
230683
304233
25084
147880
340129
188291
121387
81236
149100
317816
373108
7685
352065
65277
256272
6972
157078
60278
272273
132234
77480
108225
17094
270033
349044
338446
221333
54425
334066
187877
226675
304182
257461
369178
371848
259114
179983
201563
378534
49142
141069
155762
273458
60008
387034
71472
181081
62012
242768
234352
30775
392510
176302
320704
295122
118914
127271
74254
148421
278393
335069
119706
182887
212054
19809
112216
294830
161443
184966
250531
381133
38197
340007
248897
236406
17954
380212
200908
28305
296402
279561
307205
115341
147441
307816
4568
167798
125875
179741
13511
112783
78852
268439
121486
146657
307887
219847
101607
372625
14955
352155
8611
265392
392402
247394
94059
310927
192547
212840
246680
39688
319424
986
84440
177347
159526
382366
27363
276378
200798
74871
355008
328687
371647
111287
362548
295190
349691
44987
63447
3443
209853
221434
149346
193938
81727
380774
280998
42434
66305
231476
90171
102956
322724
7956
212539
43577
244182
193081
22141
103505
218881
165546
195699
20634
183083
76847
95060
11597
236767
53542
236692
110309
230623
73241
98888
90817
60137
94939
10987
246659
305169
251197
290586
116055
35835
300547
377087
363770
259557
300615
120172
66251
299394
5267
261648
201241
366814
285828
8103
225028
36393
95456
38342
190006
183489
227701
71123
190978
37430
262819
382669
139235
339019
121312
121681
2245
376816
348725
25045
141429
30271
99729
118721
83246
362721
100941
381567
143379
159785
190384
88263
357857
290767
181244
340727
315978
30140
5914
73360
379584
80518
47791
208261
284050
200073
81238
281172
101654
141396
82322
253649
371540
119766
232011
142149
203295
353184
211585
177555
227748
306142
307979
376423
238428
110946
314139
277157
334172
191282
148265
73994
146916
373787
39528
353024
338634
219611
237142
306238
374280
305679
239160
307815
75474
291661
22249
245591
143293
116031
206491
246006
230467
177319
186257
47993
28239
226661
70642
212030
258327
103054
80592
369089
179831
36721
301716
3613
92530
195234
355081
251666
87441
302166
25532
324728
233018
86339
28168
374679
67115
11094
228291
266785
267446
124485
205734
251137
316351
60022
110735
142445
243046
275596
295682
214499
4543
137336
218236
378654
52776
309922
386559
219621
330088
193711
354811
358513
212756
83541
280788
132388
341717
371026
225409
42204
170316
268810
128445
374468
278171
162548
186207
84508
274893
167729
34786
256604
123240
201806
164382
303763
284450
355188
361675
101461
203805
269534
304032
226847
248694
204220
221934
254387
73603
145494
70921
158859
254203
95472
343686
353064
15848
19508
52919
113426
41756
133523
102263
371511
31207
317621
15643
25966
40036
136969
24160
249221
74098
34396
183520
367167
344061
192172
76625
26030
148109
283456
50892
95464
92876
240357
377312
178028
64564
234239
377582
121303
250727
32642
245793
379499
243564
37426
87020
160532
242551
221724
259990
258634
315686
106034
374502
170432
311454
212150
338850
378648
336538
160650
72800
387877
252155
97258
321393
354678
212163
312881
70110
208815
33261
247925
28394
342460
89448
286489
352555
71505
284138
374919
113198
171354
109562
78269
177105
197441
68971
381083
55313
185160
169911
280051
127210
2485
134928
295900
285489
98915
359150
257696
223131
217239
123307
374446
308346
333249
98759
55941
326199
329823
63669
133522
92774
5496
6659
181287
339693
81766
359147
245002
162141
178858
269595
136113
330842
115135
11561
200074
272967
36568
285555
327854
14913
368555
76544
371528
231542
139854
57195
220370
11153
71085
327705
337187
179150
81068
222489
173214
193951
265676
317270
67011
90646
2932
95276
42870
169415
375550
183339
305656
264764
377437
344658
268266
274341
367435
389541
189353
320583
127208
326884
25745
175644
134173
3485
55087
388136
274170
175499
185018
386707
353030
213041
179878
143067
371106
191809
134943
370004
381750
137653
63217
316291
55998
33955
132896
319878
46980
197255
358074
339566
382227
123184
7396
208283
366812
376510
153952
297514
62138
232126
86592
312802
63890
173732
103571
83184
354878
212699
35078
353970
317704
213537
389911
180192
227758
90991
163932
313423
66386
64445
92473
243158
60504
254562
103001
290275
89139
270810
229247
138054
20089
160557
228051
109724
3850
253276
28016
61283
19075
281856
301928
350496
315415
175118
48152
210657
215866
105046
102085
58926
55293
313833
353952
152969
37088
332429
200445
389658
229986
217458
133232
306465
79487
263853
80365
373736
378988
129989
60114
164612
279245
148296
193946
148593
249884
273963
71574
82609
140257
369321
12387
391209
257358
177718
273217
170103
209649
106476
222229
58825
222622
291923
323697
6474
935
9923
348467
154061
138235
41377
315293
72836
42314
235905
8310
384437
230354
142656
145397
217293
324399
144791
268648
36920
257927
207189
79821
316116
190565
82309
307182
358629
317322
326118
39877
85147
240486
250328
205086
341781
143141
39978
242782
317211
327443
45377
28201
141032
30841
90218
73677
325885
312192
86183
105574
251601
195580
178049
145399
230515
222877
306818
118852
202810
246607
109821
130914
283202
115781
290180
42982
320890
141129
177558
115226
374631
372012
184342
335240
165212
323269
178277
6083
381389
126982
125421
161055
53489
187532
251925
112095
21609
172427
54020
145516
239158
123984
179086
204437
30397
372559
373266
284843
364609
42078
63688
324686
245574
318114
2500
45255
95404
221565
298798
379199
129259
293467
129908
187880
259401
5834
77169
56061
349250
373775
311278
218169
57712
34115
337611
114352
330615
174022
82715
376870
272934
378510
282624
60784
299532
358012
324697
124953
138151
388285
55403
262346
362489
152951
222068
239719
34871
258441
119426
257421
40216
312034
231278
384206
183217
106001
10031
359784
14994
272540
353814
248787
212793
185706
392047
29575
224553
167094
250781
38117
7809
218167
164195
158739
100624
288719
303602
294102
170646
94324
164778
194617
82482
103377
170846
375277
383889
24359
253243
135401
66765
146895
283613
208134
6913
176124
299763
307321
203179
40807
53669
347863
55141
329113
7138
97382
114261
28514
55627
190704
35392
221254
61661
331407
121221
287756
359595
34623
374643
11568
31022
259150
334410
3808
45750
290612
98264
157409
302649
233457
299456
296720
35008
7548
159382
199457
263666
392668
138571
98189
52146
264710
108597
49427
275265
171456
236279
164728
322992
38105
258444
136878
248042
161107
129371
202441
138116
159414
3601
143914
353449
223052
2207
99336
57352
273177
150860
97022
290010
242422
205986
249445
17607
125244
149542
119198
255908
83626
302071
152619
199769
166942
254296
363121
184757
34185
26779
54440
234899
134852
231827
282856
362525
131274
282736
50600
25454
91785
207423
75111
289278
9223
301648
160244
194007
250050
336521
211238
150845
110079
315797
340058
377593
110600
217637
110816
317669
84627
193257
155253
372541
371704
340475
99049
322683
138449
193723
362631
290862
47385
136248
19443
172732
350666
139619
130206
113088
340933
46670
265113
235979
167528
263436
104286
178935
321834
30772
279730
354404
60926
252927
2559
9023
226722
316574
188697
216454
314908
228842
108436
379516
18932
6059
339306
128429
372712
12313
179922
115774
132025
161110
226932
124564
162851
199607
391217
18558
238901
294783
341770
321986
193075
294731
126043
106721
209111
296127
256052
54588
159338
124344
381878
371770
197987
259862
113747
355142
250606
158889
84072
307048
328910
212210
48225
288622
373309
209282
34031
178479
85554
13150
117825
58576
291367
180719
17950
9790
389141
326926
207647
303420
257222
221167
150550
161587
129984
342051
86536
339826
203888
323689
170787
361351
42011
211449
270872
108036
208546
27357
360792
42585
109208
294406
33828
182620
221186
205348
238662
308882
200289
315312
203886
162604
182332
92768
144286
311756
40848
316767
262452
270560
86732
226248
283165
26227
169459
295137
158593
100842
365011
309709
24520
269161
209632
205103
10668
140013
251677
177174
299142
10006
115235
184679
160287
386156
64824
72806
98403
84431
353125
336377
52856
207595
31495
131172
301364
153848
270191
229932
14937
132955
74647
360836
310754
33658
26745
159261
215047
222034
369605
296431
15254
237156
252955
56684
361019
315533
24344
48094
251726
10421
244250
68426
69385
320922
115690
378865
225774
80565
144760
70439
34605
175171
186491
74114
77988
198718
300178
359366
376131
25459
77769
2585
28041
28735
99276
384772
93459
8702
229548
268637
246870
387531
62166
279347
356518
54300
113968
306807
213333
208573
257193
316706
223593
89780
304569
317610
338486
320500
251130
15316
269400
25223
209256
294868
118386
295556
145895
1495
15178
352910
115227
343239
285780
70549
21738
227363
69086
367096
222598
54707
22509
178645
376053
369108
40843
355949
362431
184590
242798
6603
186197
253231
250010
128738
299671
143286
233926
245880
5960
1583
309853
227057
25251
49687
289012
367224
162002
202202
77141
361875
348682
270677
109840
278467
318487
376173
60034
333236
12492
193362
388943
228067
137696
63718
173130
26916
255879
49940
276764
321675
316261
4683
282955
21171
89382
289585
262663
134000
79368
185612
358022
121488
67822
387864
4100
352973
164203
357829
81061
350296
4282
244293
192713
134981
330007
128811
5605
138021
26620
198051
314350
25764
342008
385980
238580
282807
201680
161696
160846
88566
81440
134751
345704
85143
368296
350757
85329
313963
54584
63099
260733
327865
128050
104411
383
36194
200451
368628
289742
113079
19607
325055
380103
306646
48266
44040
242840
386218
218201
78351
145611
142395
136191
102992
88260
8572
336166
39869
340785
236066
197542
44414
58394
309690
226515
233159
252765
356358
90023
304974
279862
206254
8707
151770
272965
248018
304707
299312
194775
107541
156095
322430
362766
237317
124411
49202
83734
17225
323861
84457
129285
146362
319097
77283
330074
21995
226488
242825
110859
108192
105817
75398
301139
224440
115740
353529
238249
274257
322200
192204
246300
321364
55352
81192
95920
240176
133748
27051
69447
291701
119870
125695
335214
159981
19838
116688
360946
166719
184258
364023
350989
333759
133385
302262
216351
344617
88030
168614
127651
246178
122237
182036
193076
265187
186015
69293
137980
386650
88357
166389
119080
159035
278861
164101
157152
183239
240536
285989
207163
116067
293574
130881
178834
203214
317513
92022
50223
157806
347646
296856
325919
75621
211774
73156
82317
95381
27576
284343
942
248190
235104
61043
291146
9697
204486
205214
190707
64345
111749
78481
292569
359369
141397
316134
308897
267519
79322
241232
372380
316124
279822
285378
91165
156710
389481
294935
344167
317148
122980
210613
255567
203651
33146
170767
206002
59158
231168
159849
121179
19297
280719
341738
386690
261496
360794
307699
169186
329126
334736
134593
121603
303804
228530
120918
28646
53184
199628
306341
340369
153499
105728
370087
157506
117956
244760
138698
17523
173816
314294
136180
289264
344168
261276
352486
146817
206005
284234
219183
146355
291040
32719
137302
95501
360399
223325
338389
81888
290914
348841
342357
50828
25675
293611
261988
230306
226374
314686
87005
249061
5463
312126
246899
291088
344375
13982
83759
195845
263031
85212
204192
188843
146168
4379
327472
300077
147139
358619
191649
363947
20019
2099
192313
189953
256193
290009
84946
191110
335203
227832
320564
79717
255807
90306
134387
279416
365278
234839
265255
56427
192138
26954
277851
218990
16839
142816
65538
311324
89016
31110
115639
290974
136760
267900
345983
347236
29773
212936
301809
162166
318540
199121
22660
376538
279060
295759
157449
316465
378165
296215
89708
43093
115805
183510
133274
167971
287256
365381
64271
40322
92874
244096
112340
171250
288501
317474
196989
241395
118472
145105
46470
117297
136043
237292
377849
51077
283123
73550
11231
231132
179232
378860
26592
36541
62037
29471
195109
290431
176857
323523
33706
61135
148429
116283
390695
3208
384980
73952
181939
1926
97236
31482
280962
347011
356811
179093
294122
274344
88306
270241
161754
42464
235144
89034
129075
142605
233688
321043
371512
326424
42513
223528
141477
22251
127482
152655
342367
284777
29655
39019
164447
37299
277669
152600
19644
159273
288238
102751
114463
303853
14832
358522
298364
119937
203301
253906
84157
9325
232326
67492
317064
116301
183353
311613
388815
206995
157524
56914
171371
178544
226890
11853
303537
69222
110219
364350
157802
230870
222990
71463
5689
124677
206813
247357
150964
322905
86037
222721
336301
45113
254687
27555
248276
182474
302596
360974
300799
345017
339181
367273
91483
90860
47440
112894
274710
23521
117062
239847
286966
26660
392453
345878
112620
50980
93945
153276
331457
47957
257943
89589
272182
149124
324701
293990
172725
25990
10354
162758
7287
228381
366686
165887
197710
56116
130114
18283
53597
32070
213196
52686
285898
390008
170312
215977
109819
156895
371298
237376
312300
292741
91806
264663
113376
379174
321173
157302
138350
96403
167350
187092
341031
92354
247719
270112
233586
366114
39372
215593
332942
172
264257
98991
319085
49015
245154
44345
28299
233265
262398
347513
381896
71033
361480
95900
306699
291504
152172
376460
45902
55556
110626
141174
276640
142601
151279
329980
220545
284403
189462
195981
55980
292223
158260
80247
253588
1252
72634
246549
121085
306582
13461
202673
264913
189710
272242
367780
183649
34500
57792
184517
221134
259017
143380
183009
70136
139104
61101
373716
163989
65424
147215
98329
109067
73239
247377
9583
290640
181349
39568
167058
147841
40089
380120
199293
126534
60807
199104
114263
355712
280116
258140
75176
61491
218024
315998
33794
217736
99498
157667
337952
108728
217243
256133
193953
322653
297275
278229
247031
11524
336044
351354
218794
108207
60274
246051
194642
2119
336333
148024
265748
216527
78109
94804
124195
90083
105218
95586
64037
230829
35640
388252
126988
179974
389711
3268
33506
307491
286423
332638
265097
52504
274318
202877
224789
61870
209664
58452
211932
174075
261951
141256
286678
196329
361170
292840
347416
31194
176408
258903
129139
332843
241381
194233
254759
78369
188417
125221
254991
293540
35957
105210
191654
312143
322453
282698
19933
116469
300362
124645
21819
75405
236843
150226
303122
25772
147304
273632
344559
42152
84155
300817
229285
356643
116949
80144
252269
375226
241780
77949
350603
179140
289195
302313
199867
382553
61707
113321
84519
187473
149760
34767
285567
273487
247531
231064
265783
330108
340856
37735
273257
292503
7385
176564
16571
319571
56874
237041
352049
167418
287758
135552
172679
103152
35217
1736
33877
117536
95174
192729
92025
323675
248745
66143
110049
221176
175650
322561
186944
12103
52421
99822
135604
333850
91514
291674
230316
300378
71437
350303
74204
348480
374784
72562
65484
25199
308449
369111
207730
76382
248826
88712
48039
41460
75561
276009
32932
93117
117606
348836
95338
284412
94172
254691
109722
227620
280482
241113
188674
152134
305999
80438
388920
301510
338178
208323
351404
126748
287126
228508
389485
22317
43320
61092
364356
139578
81090
9687
111836
244720
166105
146368
227354
36041
225257
76869
357211
245306
17183
210698
50258
266015
177620
340991
343003
62541
61477
259683
339619
343956
25298
52862
381337
57734
130064
188850
349137
285195
164828
159463
131422
79959
159267
225786
214219
274086
53522
171443
376576
166291
276781
15434
178512
111274
198659
284675
169585
181953
48416
243370
239457
307209
151416
16980
105990
221678
70395
156790
228362
97120
158139
299827
325814
158155
272699
297280
266211
958
265755
22045
63598
280830
129973
337968
301466
312718
368821
313531
87161
93753
355511
368597
84820
244822
329821
333113
133877
208625
343835
91314
6317
203984
103109
81608
84486
272599
146228
371251
22783
76626
230981
22542
96912
122372
217964
320413
339223
132106
167037
331498
234088
283526
91615
291313
170937
330917
127583
346874
287927
311225
9195
14390
329255
254430
217522
350189
391385
357139
213818
139601
33461
145997
309652
6119
111661
126871
28408
132288
26256
250926
328597
29149
137937
282349
138335
392050
381553
128198
105134
247421
339843
216022
223651
15370
309556
268674
148058
332758
178402
38746
330516
257987
54168
51928
8666
283258
156444
370235
48281
129108
236317
163443
233699
218916
356195
26794
218234
173098
66734
198133
192794
353998
44695
298760
342991
81064
275738
131105
150910
107598
348531
181171
177456
374125
65741
64689
291160
346298
234615
122525
83161
193753
312678
15984
108517
25391
288068
260710
44818
333927
207515
241941
318655
174384
158793
252521
92352
313797
143707
7866
258512
183538
65478
23167
39683
92973
341258
333344
33266
346373
332287
294148
156432
277129
56199
247918
358408
34416
89631
211501
109868
204102
183280
357849
74777
224485
371271
38433
205916
353959
238105
143043
255423
202556
51520
25292
384345
118866
329134
234597
187166
388474
111411
378180
229028
78461
200597
390500
124496
135427
80659
83389
25660
286108
280489
95492
28069
380872
330590
160922
322249
14644
358333
375327
175914
309843
74598
337801
46749
67731
284415
114958
282676
49445
99546
209503
59827
207427
344999
284770
302751
64401
129295
189513
388601
237536
165059
385774
131468
275418
172650
166773
122450
31997
12263
137538
30759
80058
388554
89939
298985
391076
204111
367367
293956
130223
170524
66219
112127
269144
105115
252791
169392
177103
319565
26918
237768
159934
155264
363763
86162
293912
197575
35292
527
367508
138872
375703
327073
122316
269888
128374
235774
126148
116526
341642
49038
212505
166823
184357
19733
232788
8643
238797
107868
343684
246748
197713
185413
73885
54627
313317
149476
120867
272886
365158
135624
191596
326178
184187
254743
386668
232340
113766
245963
371149
185443
145581
60196
166311
326748
198528
214431
99346
235636
342426
56470
352228
121070
17965
370214
44085
122596
311959
180902
43825
219280
366915
298572
385605
374043
17916
7787
371999
187467
120159
196627
367469
119231
7068
190457
54208
61356
286929
101394
388215
142329
56170
45231
384813
194343
97451
170411
78152
20733
48002
205949
170390
115879
75293
80071
339498
334767
30300
58954
47032
357472
94467
40095
356154
174042
223852
157938
16149
329609
204675
328813
306705
99706
190517
219753
69512
351795
232202
315600
199952
103139
260450
175228
210516
362723
258311
338254
24628
42984
343697
83613
256998
350428
274495
60500
59326
257376
279231
316648
55202
57103
262708
113407
386827
16652
218346
25243
175057
46347
198883
268457
356508
343608
196794
180587
133367
66399
379796
196710
72708
292521
326409
54235
289536
313027
115021
361895
275574
61482
250437
354526
360262
171430
101512
356406
115576
363166
90123
218796
238219
301025
160948
180729
316895
211718
297279
342238
139233
325447
306962
210075
145603
55179
185629
163185
21654
258656
294587
381940
92593
205785
305402
310835
263312
217706
35163
229518
88081
73277
374382
290954
139535
340624
137858
344248
260470
207820
17317
306013
55928
259019
132133
126996
250911
148013
360258
225335
143235
128125
170415
60975
338468
173562
203141
293978
88201
240497
71287
174393
264601
51825
256994
281824
184954
14512
103777
15421
6669
209975
335687
359490
305198
208791
273202
114106
78858
109200
270373
124510
386395
185662
298518
380644
353917
321735
354463
232604
294262
199406
121498
129826
5521
249724
331849
188764
64414
55819
23460
83764
98507
183459
385310
366983
171771
190770
91479
213414
139661
340989
386744
301632
4133
381244
173342
274140
214147
135581
8085
204978
361648
241765
42201
129091
144062
239310
84002
1897
195259
296564
280069
95687
257254
125655
114946
151606
296825
351897
99163
334945
4753
252158
6451
136267
103760
251105
307176
234883
139638
92857
261755
348290
1853
91478
133537
156749
45679
340246
101682
91274
107872
1505
124331
288631
373611
45054
256968
37768
346242
216676
165138
33140
320246
21882
345456
226689
243449
363843
376739
121458
107174
197469
228673
308592
153620
85171
90541
2101
232333
183591
77556
329924
211645
370518
313085
143318
295649
135476
255942
145601
8061
305246
13010
127918
345964
245602
267548
104907
29814
213593
203061
69839
147334
273442
277049
374609
94929
144387
278479
256939
264051
203083
75073
386169
107309
62518
258208
315659
191212
32782
101763
308462
187181
245930
201474
377470
256402
76552
21435
100547
227368
247126
248457
255845
201234
189049
218336
79683
73909
193965
341905
162185
282626
371129
377250
125098
389927
127810
44038
371593
37334
33377
249524
79236
212200
260084
305029
256704
42432
63343
116908
133747
365823
203013
177892
95155
140237
318633
55760
373712
122592
288165
214656
58988
358859
204149
198479
95666
207419
261384
210396
198093
65815
151971
377370
172967
357213
99177
78880
146659
157287
190870
166730
288715
12058
111376
292839
350543
152899
384972
120139
83981
66247
347086
226058
207902
127962
71189
261026
138948
358945
7438
111031
290495
188060
29131
391446
242170
92463
240435
51896
188286
247992
102707
361397
164977
24107
370093
146794
185876
170165
385768
101567
53709
35115
234886
295292
169685
369432
83031
67053
31571
282620
143282
150537
191312
11744
64446
189903
374119
17956
24903
352293
154468
147513
359238
219834
365831
122651
2991
39353
273931
267343
382963
165755
141892
31070
68077
384433
171782
379226
385421
314498
54058
125976
145308
280324
207838
286609
330907
239071
1851
300253
347003
38296
72790
61654
248187
174044
117094
349508
211961
126480
57793
186233
60888
18072
106137
212818
299180
132457
156806
106773
290726
55167
180243
341151
392262
170785
10589
105454
248747
297681
245212
341933
260224
257032
343713
68286
365343
389690
246446
312859
13909
98944
372954
3427
220833
263976
60439
259148
265361
163258
248703
93903
258931
150400
306052
346088
8880
187716
139832
85309
77535
36799
457
138766
239001
215314
381490
196061
268485
371950
108169
21364
246347
31836
258952
154451
112647
253582
389029
246754
182661
100867
244820
48708
304892
248267
63339
97548
122748
93327
83226
71800
360229
295308
24154
383426
90246
21812
124688
287491
50048
136762
310273
108875
3043
88535
183755
135348
123568
257148
99270
109998
346650
361067
335205
176306
251908
139779
81786
229807
165797
289399
201466
121696
134446
137517
301806
364096
259725
379770
26612
218898
150808
275756
299879
248414
361383
336071
138254
242175
198576
170094
170528
340541
158654
97318
325063
298877
41870
33825
350434
39342
288427
267086
321261
75512
124523
182207
246466
205720
85270
85742
253880
390807
301639
15112
226115
368134
298848
310388
233882
335877
6566
185774
293687
116251
95572
201965
71032
168757
354212
92570
207062
221757
212579
287255
127889
21432
56986
358195
84688
175391
373600
493
369564
293277
37691
227889
309664
170953
372478
69261
197293
277945
178280
224199
248891
49635
313917
353796
93227
370920
92894
388062
302993
297679
254104
203773
334837
9189
296968
93714
24762
119649
269665
211003
73245
306604
243206
224972
388800
80049
10788
215672
107584
247658
22645
330421
110915
183918
279951
120798
373305
285455
58331
224941
134370
261289
204487
164150
246251
144527
76130
119798
321973
108384
158474
15993
79313
215870
2771
249437
89064
76827
372497
238634
245841
19500
253751
132765
306746
106349
96684
97104
180309
108682
140798
216418
132950
123371
289015
216557
310963
339345
187404
390310
202049
274552
158273
323797
13977
326206
164606
325542
107063
164127
341672
365068
172303
246743
318675
48744
261265
362482
83550
35450
315870
117655
360273
263294
44375
99215
304929
310457
322503
51916
36184
312713
263015
331694
357619
266846
257114
81609
50266
42163
197564
276080
367365
319005
339120
20744
343109
190324
171616
303967
372964
16462
242308
286240
381662
80575
1130
306583
286123
284926
27394
192286
258315
134645
37291
256117
284107
369363
242532
251453
351749
168147
248391
331903
77706
360375
307042
187785
271221
65
252849
311450
213373
258499
179859
108908
169391
356487
348820
23192
305356
275966
340496
370596
119543
48470
367017
267744
214100
361158
66036
211605
63286
374888
374792
155773
303149
314945
63580
28440
121790
190665
345192
187014
335581
115918
230341
41709
341969
6254
136312
58886
233384
348321
216142
64315
372552
13718
234327
15975
357608
255050
269298
11384
260608
41386
34509
249396
92478
42559
118449
392541
38727
293032
246184
278357
290712
184572
102536
68133
165035
34202
275959
26292
19457
259399
27873
36120
230664
325206
1448
296658
283
76949
221361
31187
215880
50528
102010
193239
61700
267440
18802
366828
214585
218994
351963
349022
234222
212405
184866
178291
162713
78112
370661
77693
55224
229554
271102
147776
295601
378054
283899
386292
6018
80156
178817
375092
387630
138756
370903
64969
338780
386517
239454
67080
364183
160203
336902
91057
289398
164851
138311
193279
150602
91659
375109
1219
205603
30083
351254
302281
51568
124539
134673
284043
298727
114259
210580
333315
32634
153860
230997
300927
211310
295025
280580
281283
263181
139418
6046
184842
390610
59927
44709
250114
157107
267737
172755
60060
153005
100353
375362
324885
356136
378356
89605
25447
340473
96477
224683
40244
328920
189892
41988
127549
182980
142486
307311
332635
208700
47458
185843
56822
195156
181443
239258
26034
271002
205829
280575
60601
378249
153181
338258
52460
6532
56770
115450
21325
103489
383331
303025
118591
319549
101147
246476
26488
158965
119065
227822
41155
278398
271773
117419
337705
224796
353905
157457
305373
367142
290230
25244
101100
267491
149487
306475
346942
293994
15739
303539
181053
265683
77625
307703
66172
253544
96248
344934
106820
43665
327656
314826
238728
36258
197682
225291
84050
204369
340177
249386
96956
21862
268652
236754
91319
140241
373637
96093
6251
103281
300771
247157
20774
170825
156077
376931
50984
26366
296400
289409
59283
304628
362514
269597
148940
100165
280819
56257
240229
70026
16356
200355
296424
379507
333945
360191
181886
193439
20126
159574
88107
12853
308933
149912
103963
294925
124943
101786
186019
279075
284979
238278
150483
223597
217209
356191
351181
272852
1882
236649
329929
328716
219561
55693
290780
268050
3352
214627
139404
306090
171612
93358
23997
92783
175098
374594
158241
215027
95156
170258
225617
131792
48247
181565
304441
103573
214363
68313
70454
365734
304884
343008
131778
147271
55857
117765
96272
52433
163938
285407
84275
283244
256628
52454
343560
373275
23863
379051
57919
145097
193893
51018
179397
105553
370807
223509
213582
60654
368741
300142
56747
312267
219832
7819
269236
246742
70858
40198
209424
26386
102925
331923
26730
362705
250440
143830
203431
22254
342388
91398
82784
170550
221169
180725
289464
336331
203738
107501
48686
215597
93630
306944
13402
225688
223680
35412
274352
62985
150431
36425
69883
374903
3770
238726
370015
169507
292078
47190
177694
179787
264140
51610
11343
209271
274785
49509
124377
96779
149628
172523
249336
78308
295934
355948
91622
6863
165579
358653
250463
356101
378490
204983
105039
251178
125860
71789
165185
59267
26471
147256
82480
35165
83636
252157
373686
345798
31722
317230
177137
310464
59572
286505
35648
101633
66470
117899
167458
129377
91381
150107
359259
112104
193580
380904
248447
25480
101376
58582
369762
41491
64489
207686
143980
144395
182657
149156
111414
289285
9025
64597
5490
293947
340539
98477
348965
327298
316359
161565
312383
217102
235747
200088
37471
326627
12142
17223
269947
98346
162229
349650
222759
323811
307185
213193
121381
24376
93523
19551
291960
301879
127127
3935
206322
148767
153083
308667
1632
240670
182439
316205
116958
168581
156910
316530
80870
378140
221992
355328
347223
124227
233033
308993
317947
44757
229817
100634
367069
14176
374841
18706
292547
62911
291365
291340
180245
120117
128139
192779
136729
234245
170468
302225
234091
369428
324082
218216
303594
354408
306709
244348
152590
51070
66001
100546
44753
385142
155757
134551
181035
89805
63362
140894
231977
373732
350983
178078
351342
110917
377168
155624
62302
164848
269591
286033
206029
255684
247534
327110
204009
213685
161820
206954
308443
46552
214900
273497
103159
251241
244837
335729
165223
377415
159078
121712
285360
220220
354407
221739
281704
268693
309531
162221
159819
264224
3225
88783
44130
32576
81951
357891
85330
139819
45412
132924
316570
33103
62414
152258
316660
342718
278142
158274
125082
182833
283434
242052
220515
167476
365434
363378
252235
5770
270557
388946
281537
17642
264365
211820
225362
341201
66665
330720
145425
151273
389308
26762
19624
114927
368588
282621
24513
372688
102469
142781
254598
135843
158492
141864
146870
257305
113349
255074
379366
292506
333412
293130
225576
8566
228364
369841
166030
18005
254607
275658
281213
347349
23968
314147
85265
379684
10776
229705
352907
1684
159089
323055
236787
127814
99889
84485
206000
88438
303076
163208
162743
47201
375019
156993
101424
229917
226076
313340
275273
166346
248583
248783
328868
296091
56233
15488
343524
265712
247678
283546
372225
203663
36934
247458
25848
159339
247591
15581
57337
222774
144215
76640
338217
221961
134
342616
230471
298114
201058
186046
65304
60584
89417
198270
33471
150262
294111
177102
24947
173535
96361
374680
170455
392185
293668
344063
65603
227579
185
89512
66381
124017
277850
205540
23324
187501
83778
308073
33992
229466
61941
291255
28337
171312
32728
81913
226864
323500
226599
162465
361358
374853
136897
258806
35779
1368
89705
35192
274870
75930
42675
296315
385181
118087
100897
142005
133167
150491
24626
313019
278084
112260
23284
331341
178421
296716
258511
40465
358811
287545
240776
166565
35813
338857
162310
186259
382201
84552
120410
220462
61883
324813
49302
69959
159367
2799
142938
309646
159012
228216
376535
348629
388745
195299
58124
79657
365071
23823
178987
354694
1421
338209
119293
192599
98812
4286
331850
286275
13228
56755
282030
73145
337565
38538
392177
154052
83693
158546
7382
196487
343393
185783
237895
79055
281789
330797
54239
247412
374049
217090
368624
276390
107494
180841
312558
93114
186989
104433
68191
103045
65604
282852
65045
174964
150176
227607
325492
258539
359636
16191
374284
164862
223443
285123
32241
127966
155857
191963
338377
112417
106800
205607
174229
355467
52803
326499
346123
254269
228444
51613
207208
346886
17386
276006
258127
37435
288037
196678
62803
146473
279364
44041
83218
349607
303340
386544
61405
160677
234076
142226
16525
30558
152725
165518
104989
156219
30390
21832
238739
240956
341320
277305
176543
149085
91038
237129
167210
25760
126601
368577
41088
216840
245278
185363
220331
268233
199588
203692
230086
118116
148594
117262
351347
28761
274922
288236
12594
255540
296958
350962
318521
165025
135972
187175
243604
33109
355601
90088
150613
221555
34399
230068
273512
326775
172441
216474
226229
161648
236323
269444
38608
218714
236619
152591
254213
73644
101897
338746
358129
130624
300236
128006
254375
181345
254006
382030
230441
32164
160487
216322
336585
10983
119424
267711
199139
379363
77634
281817
63530
349501
382851
134896
326001
27020
338350
385343
261894
310054
294884
223960
176175
343564
211220
141465
164093
241313
361802
20565
300591
115979
86550
112743
157204
373636
223023
48406
294749
47264
131744
372879
4474
71227
217539
184668
212750
23259
250031
323963
267074
251164
198046
287304
196561
328442
190575
313893
211604
193652
383932
375345
97460
202184
357667
18181
168958
226744
7954
4656
181332
289530
24501
183151
167264
6049
339719
238313
257055
235393
205356
179212
389603
255040
355953
97932
301320
317938
91917
16674
274079
361310
295577
343215
386860
192099
374705
333649
34194
224540
273160
22320
5181
307139
161178
380487
54011
203341
73263
10364
13055
379619
251770
333119
61904
24850
342586
55633
281555
341794
51789
115823
149897
371014
133779
180692
45188
345662
328931
251992
304923
344075
138759
113419
244590
154684
271287
352764
68139
187825
211935
149326
221960
311026
122708
84407
257639
71722
370033
324225
356453
315341
121444
240094
41165
14925
242028
313506
168714
75792
98727
139935
2618
241920
164231
193941
338162
370832
20351
71302
33323
389139
290488
240751
91098
252585
26242
353477
224643
74687
53432
333789
278288
302678
46625
82226
92198
182889
364951
221852
75369
244066
168978
388912
133486
42210
197395
159856
235381
346209
5021
335090
203391
43090
118188
281551
368532
334493
140432
76436
323742
141226
342156
578
181191
129906
355676
318495
174460
99664
199010
1419
1428
141620
298150
329935
354258
384861
316169
281802
373803
24200
128657
287725
382320
182239
151551
203432
342470
167807
354893
260507
84292
252702
225209
265363
163597
205283
289888
85780
38199
115963
67238
70581
215639
129281
251441
154342
190741
203436
123620
328096
26135
190850
319876
294507
183391
47103
46110
346213
90540
321627
6759
385176
109755
167582
29435
20652
11523
166732
297136
143433
59707
377231
180557
22780
300086
31927
175137
251447
63681
332966
351409
134764
234479
268308
145694
387411
372234
367532
375197
89434
136127
390934
297057
313530
43778
196442
2978
255939
344534
243175
109705
74051
224075
193120
114873
202019
236487
190419
270740
213229
392339
52589
153210
189046
128285
312296
309426
54141
337403
110877
245777
38632
19310
379665
207051
391406
171829
327531
379546
330953
50358
195110
44948
350796
253053
115899
70588
69006
292457
138017
150918
104270
152442
217371
173129
315348
208309
72027
20349
119271
79692
244523
150228
172178
56534
223275
122442
44432
21575
347105
289077
238857
34741
361644
243506
157606
46676
87395
137890
178448
326207
259917
46081
266454
273660
142886
166401
206951
238205
118465
389850
23978
119480
135264
84080
129459
170720
90186
100014
169748
239563
341540
256196
250058
327400
346516
251458
232286
19211
41569
211089
241462
135671
75392
383395
150794
10012
203563
80096
107404
289206
369143
318524
316556
295842
50410
75376
187991
80956
255747
68059
374573
335868
250572
79246
101858
253492
67847
110342
325602
229686
337075
328426
220915
202415
58548
5863
119560
11681
27374
298656
162936
223420
375698
220953
209125
115762
241581
106307
8674
253915
546
143994
102815
226459
386251
103681
187011
54041
87765
150548
312363
342948
93444
228354
321268
151940
186675
276218
77689
362574
106832
312245
46993
47000
303490
377071
221541
307802
231186
21401
152224
322779
222638
68710
251323
111271
182816
381135
334369
163394
268992
20131
212245
339576
155000
261348
103050
273317
262627
70126
284331
110694
309239
125930
154275
264978
6150
175527
336920
157440
220630
109467
3372
7063
81305
51331
101222
275159
242185
123514
47295
142687
117971
30988
169236
341255
82053
31660
146375
134427
105335
147220
161568
294671
252350
218454
329464
369093
362265
386132
127645
118809
250735
240567
110869
356613
141573
263473
251952
96294
150581
278599
73825
379983
343363
301591
25430
67672
23020
180260
15556
286682
356558
146863
335569
219715
144018
172122
125281
35497
157529
208026
181987
299682
238153
246601
375349
103267
79933
220655
8526
44634
285992
52349
245288
27242
131075
50114
359825
147053
268919
203147
240377
142032
347247
391419
271543
295454
86701
258255
253483
164123
15201
101364
217677
281436
384568
88154
40009
193224
84000
54089
213206
233113
188037
287110
154478
173960
31702
350507
364031
204784
83754
329814
183185
189214
302565
153642
364051
371588
8470
386055
118254
164700
81845
281296
303284
372271
104345
332688
228221
195147
36495
364496
281073
60857
20449
313367
39896
157251
257381
224743
64803
19192
285212
134556
161351
159296
177407
167013
325445
174213
34329
52703
118044
48322
18999
359066
17116
306741
327906
317721
384393
87340
285948
219283
167056
62056
333073
308111
122988
232661
99300
43241
298192
53818
80955
17489
320818
9794
1500
60037
189622
312105
163772
173239
293719
349990
28207
10692
392120
298166
279367
306893
123676
144886
96283
160456
5564
302829
391383
131080
373729
356109
235279
263830
173819
169586
192773
361175
329938
187607
156822
67917
148134
32
135227
231888
320275
112214
197368
263739
149448
251929
22084
270116
237385
55595
264564
6661
195411
372172
193526
258247
17851
218335
391969
377476
45361
76449
272347
75743
65645
234579
295344
369915
60188
155723
374828
380299
130900
275403
139748
259766
308246
361827
216630
29896
34415
197266
200146
183402
183405
100223
6077
296914
376908
186048
254176
128541
218562
150124
181473
135322
253109
283747
31423
75963
169019
173312
99659
202632
331298
102526
156116
324389
312466
345998
309501
330261
56031
329268
211177
280576
187658
77029
143780
274639
98252
101395
205067
320511
187812
121803
269600
372211
125914
144191
107654
218781
225717
284550
213377
108748
57951
336931
38211
369538
9072
257199
9437
117495
65212
367698
368999
271457
341556
233620
185224
52726
383630
312044
390424
156935
258351
58912
75546
140435
104401
132784
60668
233694
357483
161875
306150
102039
278547
387589
52841
316157
148550
69409
372373
361910
135919
87232
23278
271167
361193
223865
31769
44773
283551
139208
55112
241756
389533
279167
269279
52291
360024
196667
19903
118695
338197
314749
151302
204870
127232
332700
41661
139094
32859
15753
323846
41662
183706
215991
322597
193034
184125
191619
236437
94526
362131
91344
241400
356238
246966
262502
83526
381529
213942
369295
232645
379074
34548
106005
277237
7477
217631
247211
353768
160090
279058
77175
118773
78413
149422
28659
17674
7210
93725
36097
33639
346749
140499
231924
352789
168408
212014
175449
303647
109045
325810
27247
184235
338748
369029
149673
54883
317693
255927
214863
274300
11564
47998
359519
135647
76267
111315
24615
312079
260873
291406
60230
14453
182401
194482
134520
71056
259722
224028
161019
72429
4729
200199
368970
346621
129257
128505
391904
180812
275022
17829
384867
388817
78846
239162
161712
75175
125356
392548
379404
249197
298044
128353
78073
270459
190680
181011
188385
286315
365123
130773
239401
78068
338499
180216
373773
14899
182461
116998
228122
259151
44105
172693
64884
281688
320306
269933
111488
323164
133994
52321
120759
3691
61495
366746
203386
368172
375113
317906
264438
179396
85700
122841
168925
83687
225987
62258
251124
30213
147186
333632
62751
172573
36723
213756
347851
295145
61106
76027
174355
56725
189219
318616
182900
61741
26574
90515
236841
268069
6615
335559
320210
32820
205291
375547
373050
95892
213867
16359
27375
284383
50494
338638
141870
188574
125004
21409
189394
350459
93675
197296
104182
125412
16345
343424
11347
298888
8243
278890
5852
271363
363851
163769
299413
360659
275428
86964
77071
136179
150650
135139
70035
272832
210412
158910
347749
337642
108808
107343
116229
200954
252124
258998
154143
280154
238276
390534
24331
317557
147720
142949
97030
112343
86912
165915
23893
346724
25350
185767
378701
90144
111723
47361
180972
115166
27883
369486
60004
268519
168964
306734
365694
301549
114238
37755
74361
201221
140606
176426
138477
38138
57911
135436
379672
50190
200819
189709
14638
356047
75308
168469
21542
251670
379429
31502
216932
98250
233082
305569
140566
154382
91715
51293
391565
176916
6344
25433
356148
114250
178711
275395
392385
108688
153201
90936
317392
293802
230602
134397
338765
19296
18810
210568
183069
207087
364943
365866
59922
255710
134999
142693
342962
155708
198753
315225
354515
58355
392244
247208
95885
142672
183521
50210
385899
376224
284007
278533
45672
376254
211156
100210
106292
231671
212475
344234
185487
9902
197602
312753
168890
177523
115891
340175
230842
7422
146297
264086
344862
380372
189357
68503
75646
292299
52388
112879
355486
343047
204068
40067
42666
139409
138402
117314
299362
67681
205424
132576
148235
84149
295154
295217
238914
385685
67968
39884
59691
310323
68197
367134
198876
249837
247996
145808
214766
24489
257054
110340
80108
59023
223025
30982
310804
345213
97643
210488
371440
142971
210669
3681
157968
277900
77085
151857
285177
313061
339427
376949
20697
59119
290160
251907
253890
26584
236598
39776
360015
203296
127057
270326
117540
7039
154926
106657
67010
342648
237194
115347
116817
38596
296652
176264
66494
372773
261203
43051
385753
314095
216697
181160
191897
19882
115845
379954
337947
55032
287251
380438
126050
299810
291577
15500
37164
380453
308059
294350
18980
197323
264555
245140
362715
64520
267509
377497
176022
57714
219014
69555
332230
209576
269875
224343
302560
85883
192180
148689
209838
131282
156014
44108
247337
155765
93333
35244
331922
248315
33715
51372
61268
170266
221609
219050
320803
29311
291155
384004
343382
71024
11607
58199
19786
140127
124639
147775
287850
179810
135925
107505
212922
114020
389762
26286
148720
49088
78995
201213
358123
280803
74736
74202
201253
220694
55726
313922
371382
32768
355560
190102
339549
372070
218930
229054
297109
285851
355529
27383
213511
198508
212222
89469
318359
281994
112662
93620
98809
381314
22132
316925
349901
60957
149461
38600
48710
165520
139348
86443
388803
338808
137613
213628
368485
244655
259775
171626
378034
10606
270664
129426
202048
214979
266179
110985
200918
30717
172514
320194
101648
105441
82706
347898
319586
353234
156125
358249
170456
162337
14126
94484
100668
292060
206922
142630
145492
357299
169906
85256
228898
158114
28204
173445
171843
118263
370109
50538
308495
266419
43339
36707
390730
264288
102463
43979
168941
104074
135006
224691
40264
153687
165127
100090
158633
380357
34679
353228
93910
363050
233800
186527
82628
140710
88907
136819
334818
6655
144977
262483
383929
891
126763
4408
139114
189252
22107
52133
283186
8109
301449
40762
332840
64595
288243
23435
90451
75039
336322
93681
2220
207958
370979
236118
160893
105972
178939
48608
131848
134621
226951
113043
315124
392482
142453
371760
178063
217375
169513
329374
49738
234573
380907
130182
152836
258689
322327
337631
363118
193219
346746
101382
64896
215844
95738
178538
155038
275813
10573
165923
105708
37044
86076
274055
297548
34805
133930
192083
259958
346160
308638
8163
129047
331980
174544
54792
239913
295744
8074
176949
160999
197052
34293
177714
388141
365332
54813
104811
134522
301200
259756
283386
15948
323100
65991
174263
39575
68575
131439
112557
236417
34166
212652
99159
351764
101896
379889
111437
375177
179758
114484
61333
108953
384100
286910
314639
299496
110045
36761
255812
88997
204183
345638
334217
293615
15639
98749
186474
49889
116078
226496
57111
244200
295161
72086
104559
156477
96494
347351
143421
88860
215863
295563
312402
219639
162601
178366
254606
139544
358528
63209
267209
63682
105161
190336
123883
183883
322175
197951
76917
82221
205325
110000
168305
91777
364243
41385
391335
232012
336477
97075
126313
156402
196888
213018
276190
82410
250772
166707
178056
76712
119410
154419
147780
51037
17096
112539
103273
7802
135814
242838
300060
297323
288124
318683
136538
139694
372229
315410
96916
282839
289686
303842
21859
107167
7703
147600
84929
258216
291951
331874
361137
47926
280789
126125
328672
66747
54354
197830
163169
380519
105691
14014
35975
221408
165241
268456
6414
375094
287395
229989
213684
388490
377029
29281
122210
14640
209142
203444
377752
307155
255782
209817
248798
234188
16536
239004
110337
126339
156888
351399
50300
76494
354799
108242
106421
165268
15005
238688
117045
329745
187392
8704
48309
31166
281707
335318
150544
225542
249102
82632
79209
233931
301293
288177
282085
235715
266069
90630
29914
392364
79731
172480
85292
66415
61573
349238
302626
137725
79480
223881
232413
50437
153861
208244
23977
203976
160276
62442
277526
316967
50540
391660
72051
314911
167232
145714
148163
292887
277796
275275
40091
303835
218091
361529
31643
366157
357552
153037
93075
96076
94160
32173
274116
211277
42799
176878
39422
283233
139245
3303
369329
152674
99218
73294
2045
297579
69745
356900
368475
262235
350043
274468
96871
51267
113459
315329
361110
269833
32295
126819
14753
323713
138343
58252
59539
211303
96893
372805
133668
141395
272404
12973
126608
220194
364820
380850
372810
110796
291841
26215
193836
134391
186188
112084
124505
386914
199273
387636
77300
54908
127921
309103
270771
283948
121666
171919
155052
230477
116133
280922
223171
168907
116037
340120
3648
306676
106511
84359
328105
141196
171062
138899
135377
389581
276296
284905
380893
296034
52442
270169
18627
313009
262620
36254
296282
213778
341282
81500
248167
375031
280873
83158
131451
81556
263689
242669
28565
260436
388491
391823
184908
19921
373010
954
383999
128250
42540
186100
132589
198631
51918
370471
71360
209183
138057
224569
172851
233823
261335
235740
83206
270526
314046
40673
171284
339515
259960
239532
349837
117264
71582
349997
264690
32261
85103
282435
333890
357439
131289
321711
311369
136711
383345
111055
167274
382714
313399
23130
372405
205215
162250
306925
364864
158227
346032
188548
121838
199990
75625
325787
60047
296764
293214
194873
239580
101994
336052
114284
185807
247424
339550
355863
126890
362961
226759
196780
54552
164693
344655
263573
146556
113929
276279
35716
209187
83090
71683
189941
71842
142861
369630
215805
174972
69942
265631
160467
338570
140411
391894
196962
308304
166531
315988
194879
146187
273222
171028
374417
223819
182079
234659
148396
265989
22296
272023
135571
213275
191378
53118
161042
46613
309384
72283
259552
126885
8600
141036
158214
170032
96236
260480
38407
49017
95542
333666
200987
91920
320090
351995
240709
292529
186932
101549
11903
71501
322649
92979
350642
112592
134683
194865
348262
164095
351663
215139
3500
189516
197726
10640
15284
220955
372660
277
152894
2297
188912
350669
69987
34344
303917
150625
78772
239392
37728
248232
252892
28010
377224
257498
295748
10127
384271
235366
228013
326834
99326
217085
90084
277399
307464
233571
387562
12871
159287
188450
151508
190952
326064
69618
384352
1581
8122
365785
36198
298034
89353
47773
104913
178074
262690
102783
86482
234775
42665
336195
120567
78476
58792
13375
269287
89296
190367
180885
1708
44058
73068
241672
254532
193901
185897
68994
247657
141360
387873
258296
159646
156413
219729
262623
197784
79553
231139
175967
41457
225602
291693
73717
308700
128390
132660
151811
167549
185698
22164
233570
21286
111794
175346
138586
184122
220750
244567
366733
391672
312625
269310
261332
346000
214783
182157
255295
20967
377694
161502
64420
354014
372040
204250
302124
83788
68535
323576
257162
147208
171033
236293
47630
217049
186921
379689
228578
385894
217030
285433
138513
177887
223755
203641
223180
233503
352691
177226
131596
346849
25473
20974
104612
51297
337233
61867
197191
123576
253538
305166
206074
34000
253535
160109
285313
23691
241222
335565
119161
40680
375394
99542
114832
145117
126212
5700
98187
357416
196613
160347
389433
155727
309785
51079
327383
264756
156
124596
338952
271687
106761
108978
316095
274088
122798
145218
190271
338343
106453
47679
80524
79302
347739
206733
49520
51369
141299
130034
217645
136734
212456
199772
277404
5999
151268
323291
62300
134426
99386
198156
117193
40978
164721
375253
54682
68000
260200
201023
65690
193059
24289
119211
116286
30265
18124
162824
275320
58876
173320
197314
170688
114388
142103
181036
101826
99531
107410
32559
164801
228807
69069
21828
163229
229255
15105
59187
295244
205228
317332
296576
150842
50857
82625
347258
330735
59643
336172
296000
106934
167621
197999
383696
88348
82573
331887
304141
263968
337534
324240
179711
378804
91620
274385
377429
352056
101807
361659
242371
188565
316628
61467
298734
76997
12588
229006
30147
108381
171847
293478
209030
68287
363446
113181
175837
39902
63679
328220
171967
186859
177832
387472
13379
378288
276236
294725
357776
209432
358946
120761
154948
2759
78904
320523
224451
184661
277459
71411
386588
253221
387580
294554
281314
288954
89408
211599
210168
217939
362871
242202
317377
192898
248163
206052
193696
160975
53919
86820
355210
3102
283528
179433
5125
340823
161900
201107
105350
26434
116630
17487
209966
251648
373880
166024
375108
233211
120191
151656
107064
240665
273614
339663
152858
270225
45246
116452
333001
261333
257236
207789
281067
336508
34100
224583
49853
321032
355776
89790
389604
118112
119364
22995
245836
23431
286789
142434
344161
183731
147889
79361
277440
228818
275934
274169
291152
69161
202779
90840
12846
305941
113260
194824
186050
304946
182385
248340
132916
346925
109123
300413
374044
139160
390294
107529
78217
182615
277329
275149
174549
67916
293598
171313
373385
124047
239771
106433
350130
381370
58153
76125
21704
383140
64862
223256
12697
139036
264235
205192
30409
94904
237845
163904
183924
358552
32829
370051
67667
366782
165764
108148
11759
302440
194250
287136
135686
310285
294113
341308
343639
348104
277203
243883
379043
47131
374291
335150
206265
276519
37670
36978
159034
309795
57962
27115
3164
76258
177034
50469
222749
200879
326493
144761
278117
263782
287726
168573
158871
304839
147475
131431
163096
379525
50943
373267
1986
70827
382557
55523
314821
346278
157373
140178
34545
328905
114248
178155
350741
104113
308151
34868
100180
293344
171832
111575
201051
251357
25546
33258
141051
181120
5297
184536
148437
349399
84503
343766
153315
249719
366324
183805
119513
127425
120131
221307
2192
346121
329899
195736
294963
230695
76988
208797
134108
111922
90960
123535
55099
60914
196578
54869
368844
360334
286593
183578
145472
303893
135861
168791
361359
40219
57311
135146
313011
289545
94176
219533
101984
360943
360727
247838
83996
106796
144136
327771
28228
287009
177286
221126
164274
304684
201097
56779
70118
222265
383501
233721
29736
58535
288511
156452
83718
346460
229662
178003
325938
287666
64156
303554
340126
257926
184579
31933
144152
9667
30281
108707
347771
281776
169302
27467
107235
119801
217466
262178
191288
162476
26044
349537
72982
193751
226379
181708
27742
13477
87245
113191
335444
145272
204063
95107
262567
192443
237125
35775
387717
108625
91056
961
157927
360180
137170
193824
381779
187660
254722
146890
91229
9506
208501
364417
340889
382645
54643
259632
228001
315551
157476
170802
147737
236798
130106
126533
3222
17008
307521
366093
305355
362937
47493
360412
181161
71007
60100
318815
181465
384699
144549
246919
119540
330444
136206
195220
24335
205513
214832
96171
367256
107525
232420
325551
332060
310473
27781
18786
293494
392438
126889
77458
367906
121585
324659
52516
19601
292959
367874
138266
94828
20510
210051
142024
170762
380225
108770
37273
119519
4696
245083
192803
141563
138033
127156
15773
126575
353505
298573
177252
302630
240625
325578
122994
228746
50912
282897
219638
256283
107679
273018
380540
101660
267701
306727
358979
316162
274332
167823
348312
196126
237167
314738
160540
10033
152589
107638
263520
187397
259908
49925
158650
99349
283565
7200
258051
366374
137621
351238
152946
230049
1921
261655
259298
312314
129293
131432
180002
183902
206259
239993
267478
149031
277222
221288
297669
298362
349215
90984
311124
125778
300379
244427
272342
211761
181817
276228
196942
367272
268694
90760
344536
286369
146585
2420
296722
71296
231589
302276
141752
296859
371461
265038
31205
271010
207778
249977
386449
24371
33195
265856
116597
211367
321875
297756
204952
247595
181572
282731
388919
340399
242576
336643
246078
152784
307495
329477
277956
213960
132481
65119
4157
137564
145073
174201
360559
267117
163263
126400
93240
120352
226780
381289
209253
60207
21279
342742
81907
133504
183923
111609
380075
117859
194420
309430
163148
322102
233376
361
34497
140808
107035
92339
274506
167384
331519
98115
123769
29828
301390
54818
152411
10278
103653
271654
153433
66837
110589
161342
239622
49993
92081
38402
305168
133728
191980
322099
14384
99433
339271
304000
351591
52239
161591
34853
159379
148113
1870
184748
127347
194927
37777
290844
54774
384865
141816
294483
157874
125950
300329
31619
315569
350040
279628
367052
302709
122941
12062
199747
235209
146298
58817
112723
373334
231969
310703
142910
387638
268132
16888
108110
171020
312138
155963
137875
128088
144901
55665
214700
57118
42880
205527
308963
132940
13365
322076
198052
82551
319767
247021
376979
137553
262185
109753
66119
203900
359667
55667
189073
11973
296550
158549
68182
76198
30212
102428
221190
265524
373927
37993
250541
339446
311888
204266
186144
81264
387176
286212
207155
222398
272709
13460
34981
198054
103968
102625
280728
183050
232008
338996
390639
257769
134299
90296
73945
270750
268732
381126
295396
157254
105854
202080
15371
83827
66629
22977
64701
33563
374534
365944
133650
222728
139147
30062
92215
188394
44725
353566
270587
299621
15438
226802
338165
21246
252675
243735
389498
242439
246138
212605
111007
163580
151109
129054
139207
134632
88441
70173
75249
380966
40316
195538
247226
386685
384139
183251
34461
186127
109294
332379
327938
299446
330114
258747
281649
248710
23682
246506
68073
1139
279143
271070
38536
65167
254453
383910
287268
150116
358762
267629
324000
221701
195775
90346
243927
245039
166508
227141
346183
347199
344041
149722
18316
159036
72745
145027
62210
125754
10740
308612
340926
371962
203892
366302
389664
291685
44454
83446
29472
371105
341936
237064
68750
334016
352301
118001
286793
86050
52335
292385
265185
261364
95022
360415
291941
31083
227120
166601
281121
53693
31044
87438
40904
90811
54263
132291
58812
62771
183060
234535
198851
219334
308075
98513
168827
273498
156581
361582
168433
171263
315843
241776
77617
174779
218103
55450
18142
244236
230603
249313
31363
303353
144828
259790
121971
105503
270994
330474
280891
92966
290846
347679
157593
13757
29808
380213
124270
16085
321295
340047
126180
241491
280737
1347
100614
230176
113356
266974
383829
132161
274531
96594
73830
61757
135089
236297
29321
280378
140881
165242
252139
119471
64421
50924
331293
103127
288214
129594
13098
53293
87664
6002
360077
73656
183865
116054
83489
45169
224784
277343
251915
368264
37605
29718
136240
80189
46251
157682
35953
325183
335537
52402
75447
204681
4459
119448
340166
97656
368339
80045
363028
308564
200447
257992
179243
379148
232543
335406
137550
159811
84976
205435
197178
46342
89518
311107
212824
371922
382257
30082
138730
224290
44744
96900
46425
118620
253105
66284
286167
194606
245422
199253
255119
386669
263684
57248
290002
324348
311692
18114
312701
304582
276566
94147
57982
259030
263092
343288
90266
261555
299252
286715
16589
312316
52131
372152
238451
66732
213536
123861
8968
251142
203149
387352
232014
192430
211466
210369
111381
211485
173415
32933
273832
128671
203830
218947
766
331797
154533
296201
128345
292090
278128
94558
259719
114576
294385
322377
332138
219529
220749
370416
72025
43615
198983
103594
145464
191339
112574
299448
263212
329387
328039
39642
217685
95483
30196
101566
379325
58649
59354
187201
218411
367009
98655
259450
386228
167885
229623
21918
107965
85346
85456
9265
128841
