345837
302003
303369
202341
207818
383344
155273
259847
150356
320872
212926
278266
161362
63511
292113
190552
342271
281435
309854
8369
126836
134825
313110
28039
251345
353802
55775
79884
24349
95091
163553
345810
8364
339840
97634
118919
36537
88791
36037
47731
50996
353939
118176
290222
60867
316799
193194
340849
248622
70337
93112
246910
9264
267616
175653
258715
103309
145757
112537
385214
230118
165700
132984
291095
368285
230966
258909
8944
82614
279910
377838
2981
325634
220793
21166
280133
140261
71209
208036
187486
339170
128235
319597
170053
150676
356484
44995
324426
139336
342939
341844
61479
212104
142932
268420
360831
84635
181796
366511
231995
209347
240386
132598
228416
388033
135177
18439
3327
388164
123755
111305
225726
262785
21981
205896
85054
204284
348375
55363
229884
216795
291743
366821
109170
94
105183
243822
54069
201416
76771
203211
115650
306558
164007
146884
21217
152174
253456
29232
289799
276997
23124
138978
301544
249218
103519
104179
104510
19691
232114
315846
180780
343491
150397
208084
336842
66999
278830
212703
96755
297063
357768
319089
207981
314890
313125
126440
102875
13059
102011
301282
289327
46780
5369
6684
98973
245028
306875
173502
154266
68005
180989
296138
258440
160144
324292
300103
114672
17941
331532
20824
86557
34268
81381
141467
32763
277444
55811
323016
356220
301756
285761
256657
163321
137753
389037
137504
383577
154120
125687
295125
162754
144880
29029
379512
238242
28814
270811
310525
136100
239251
169950
339904
357152
385490
14779
336877
283132
335481
241443
217705
284804
56437
214362
244022
205824
93978
230954
46824
208502
269970
92749
258609
28606
326808
152326
252890
195218
71491
203956
208489
32750
43717
310063
117635
290953
35588
219740
196076
326386
324435
117925
150852
323999
309955
293475
201042
359437
309398
120181
233295
302097
305162
344032
22555
273968
89183
370456
38435
42264
347437
266409
259372
369412
314976
214834
146016
388726
978
380703
197463
87758
14002
144335
108721
56173
386300
156876
321181
83404
274852
16737
173575
291045
197715
272875
191057
104581
350019
226246
88265
16309
322633
28590
132324
137449
281850
387378
12718
148495
125069
286921
265159
53459
327248
192291
260083
182662
82114
66951
160390
220074
180472
94878
175164
196466
262524
131806
339513
80694
114875
13297
309350
188906
133439
145506
164963
7112
380666
296121
381794
74222
155811
47745
306021
303645
215420
288257
193728
295028
328358
112999
45473
302798
387572
220616
391695
62562
331537
188990
257811
161412
110835
68464
81534
145335
48154
369925
362362
265719
263995
206153
211235
105833
276631
287944
9234
360678
309288
188418
46327
380568
285715
247507
348343
17341
59637
275404
173694
269000
290470
202389
96557
127637
182284
162946
72381
317097
60868
15190
41289
204494
332938
239680
351157
280070
1458
203534
21641
64010
333817
145798
121975
40040
217727
66719
186039
272418
113105
164929
225154
213347
258339
58718
249651
293394
11874
344147
130762
266686
175515
316689
234567
231905
172829
19547
173731
344601
167924
216485
388970
308898
11297
98419
54044
58288
900
126812
251223
80816
320001
221207
56794
198555
319212
97367
183214
350070
22792
52301
389044
182417
108672
317972
192461
282392
240595
38158
369756
244324
277364
223372
142330
110908
170063
332742
379984
150298
120129
238211
9333
258983
61064
104376
341563
229452
164824
300323
349258
160135
6783
268543
200069
380813
180396
380944
255651
122416
244322
47893
164680
389777
241893
82673
155802
187102
119200
250545
288867
149916
311790
174038
17201
301070
259315
374629
70964
390037
27032
185476
52535
119172
272584
192164
29054
123493
77848
72217
85620
258859
208603
101792
96107
290723
332030
335778
30436
63697
154226
390015
2524
110733
235685
155222
165387
39171
42908
341213
200948
222512
323405
54402
52334
142041
133036
139213
126226
27325
333276
314342
103107
261513
26512
87146
104560
323638
28642
307767
349087
236658
162932
374103
235285
233447
99010
323740
356553
350890
104450
136246
125948
261901
193855
348354
53917
73200
68514
219764
95559
243952
132545
169574
152484
83738
6334
75508
309601
60635
98872
23957
197391
289525
145497
373643
262435
330042
23636
175183
259528
44799
9808
375366
172075
66316
81591
108108
107576
115494
257456
225214
219085
374755
193809
48207
219175
186900
214973
47582
189539
151452
16637
243147
312777
215341
75765
262890
46819
224060
129231
224110
316410
54497
172110
194135
232116
96144
336212
185712
363499
189978
360183
216649
151010
194568
102754
264036
135308
90858
90135
40486
1604
130853
52907
350241
269986
99971
217537
222236
39187
38334
151654
128986
66044
67137
44991
274504
376686
100356
337211
216669
366485
138707
274301
122490
297125
288575
98595
256917
112660
370829
31793
136752
25788
128126
318732
269001
210283
147459
298896
88609
217966
167450
33280
195076
57169
22172
278114
292843
306054
299759
171208
188896
24097
206049
352264
364944
323974
19181
76936
151686
227353
156230
129496
285549
154735
317158
15582
132661
74865
364308
373592
373318
376528
162291
157689
114360
285249
260800
336309
287673
287165
155251
15207
117877
177136
303204
362055
381157
331543
293222
309908
211733
241992
232247
162307
19727
160442
11253
205070
312586
334139
145493
335707
268840
383680
211154
118000
207002
175995
340389
22849
292470
260443
302646
166555
309049
121983
332443
280240
155964
173217
74780
32684
320305
18550
129076
157543
20706
28663
325747
201052
387678
66791
167628
106759
329876
5998
106257
5171
245775
87187
284171
386571
190339
161658
249659
277548
180107
347824
214815
313466
67613
263539
96567
135738
312251
115136
10139
140827
16367
296482
60336
133253
83098
363621
181873
19244
369110
32779
242663
258434
265025
231596
295923
198436
182655
88940
210245
5580
165899
45603
243706
34694
108569
118813
99115
186341
112955
99074
172037
50109
228593
369460
224731
109359
82210
197592
348490
53029
269611
317336
188143
2599
184212
210073
107833
193787
28680
101310
97187
369498
86091
317330
297485
205299
43537
236627
241711
12165
189571
263750
69331
136563
125081
42859
215596
48680
383643
329103
322075
157954
207014
245791
140695
100142
237943
334299
139762
93100
98336
157200
391442
195601
374069
252742
40617
36060
203092
187488
263930
53992
1526
309711
349260
241039
340519
147553
332563
146055
66863
13534
2848
87754
143236
229415
169755
357966
367401
301858
139394
69706
189433
369828
140832
262421
136307
355494
137808
29640
100995
320481
302877
261702
376959
159019
83690
181189
181364
109419
353611
316327
315833
134085
247403
272301
297029
360671
289540
51252
243192
87275
273927
156616
137597
157626
377010
316017
210544
18058
171273
138106
53961
258469
319888
291407
79260
64154
198279
92991
360041
293792
96584
125324
305439
264107
248566
298838
384594
17967
162153
204596
208516
306824
164961
284239
166790
390879
141331
251543
338133
17899
169412
278724
132978
313542
211013
301299
226225
310843
295836
157783
175679
157353
116401
258842
316509
160925
10402
186018
144525
166913
333682
145124
128091
112880
195950
50225
23344
59728
390443
311930
268895
338097
320313
307783
33036
158358
92820
46466
254405
213499
118009
114474
327674
353747
135703
314701
22499
139631
15601
205852
323759
370164
165253
138150
237950
230579
156054
356808
78490
325155
173396
243031
194035
384294
181252
93447
349301
265348
25359
243835
319721
229142
254431
276883
222673
261668
374579
172850
199484
384846
242238
305779
206953
368760
33251
290143
241526
48797
330746
171148
61377
54718
107378
193693
259515
290148
182958
246341
9010
284356
365631
302578
389107
104949
56324
186413
108800
95850
350859
318380
157801
158674
197129
388909
82161
367719
222486
23814
345062
132578
156759
254650
228308
352402
51864
323844
82287
267591
207373
297798
244253
311038
86506
77808
373210
214896
291294
132197
150871
118510
258575
9684
209976
146880
74196
263211
148368
255414
259223
101990
326729
150520
59480
178113
40129
102216
352783
68195
318546
219
47555
366833
290552
303344
281281
206886
213107
46428
217275
55529
281413
362768
209929
294360
352504
188729
175784
232785
222421
113399
140912
51912
205206
34661
202254
103905
242606
195808
323031
147045
329165
147398
157198
294253
89879
36841
318379
49729
158219
277132
229478
382056
247991
366759
72587
313875
2255
122650
77330
340882
254895
383495
63134
151589
348307
366136
1021
387622
25879
151005
173860
362577
275688
391571
155934
187562
308997
266190
284958
172491
135031
128478
168054
100738
340732
131239
302896
302545
322531
89892
168486
170961
389982
19299
280294
235073
70558
252029
228102
318206
234702
14584
202642
248847
99910
64637
323008
121818
202061
133818
248145
234966
291592
56024
300531
322622
353226
341634
360295
111837
101925
104190
321794
202541
277146
238365
183832
330666
181910
81940
285500
182525
367517
64416
148466
311574
270916
81034
223716
89577
296075
182705
270196
269012
263761
263658
376020
237449
107798
237463
194235
102183
260232
235464
288465
344885
220554
59449
5473
167470
370010
122945
224457
100533
143030
85665
245714
142336
3637
355053
132586
185448
131737
58181
108173
39829
374221
60020
270343
287362
193578
336251
345431
146856
128804
345348
158740
342219
319364
60596
81661
103411
134026
376022
94636
204412
351411
17144
126783
237802
125771
199261
389235
312922
329407
334232
177852
100470
206355
200992
256221
215055
342002
191929
167826
248339
379472
277965
231191
100326
211803
322729
373941
164220
148345
344670
164350
324128
117822
54975
11090
304945
226869
84916
351228
317735
152106
86722
123850
28725
230841
226930
321435
13352
128384
322693
334167
111150
70815
340831
390953
171839
83358
105763
163511
217612
124077
205125
81056
54637
109698
89994
136574
60029
296089
314760
244522
181065
352310
378311
256885
88678
287462
291389
371127
357197
177562
187366
326725
17076
41459
204954
101096
7650
219685
215278
365786
318703
218398
32844
49646
54660
74021
337104
263373
377406
253292
143882
60909
12887
307601
24328
193033
145685
169498
314151
274167
348511
280633
174837
14379
336116
68815
354638
257364
168151
289501
193183
31378
46928
27673
43855
18318
220431
157289
236765
144157
362980
29541
1270
257933
133948
734
196801
145301
238941
271332
172340
322496
282136
79267
254731
109776
183709
261233
97001
73409
266728
138605
329203
135545
314042
132585
21785
143045
103605
202911
317962
132832
270297
232568
56722
114071
267470
128705
299056
292663
286913
286700
48366
303300
257649
66186
96395
67981
60585
177247
18962
261775
180172
68134
320126
211784
216136
171582
317984
152772
192453
282738
94960
337867
224405
306433
384183
218817
269449
302334
98737
67710
217683
332590
183200
37128
166738
198801
324463
9423
114104
232425
131171
204260
55778
139286
100505
224598
307505
347475
158909
238630
45737
369905
15983
257361
88212
28138
3644
252426
61056
212889
151903
63708
125737
129680
360360
276803
332869
222969
47691
172758
143730
28905
216383
141536
385474
296226
189335
198386
37508
71383
317037
133719
121777
31522
346156
245338
63390
313243
39646
36093
331658
200965
76345
86334
149379
265308
63617
222573
293626
291714
383107
219432
121203
72687
284928
189089
98963
183202
342274
293613
355854
229815
260588
232640
133644
130044
230780
25333
384312
374790
26219
286346
193934
76119
20451
381147
375599
16239
298325
336684
216172
279488
239765
282509
200888
287780
298975
98326
208825
36347
69420
335303
319981
184055
33255
207935
298331
119626
381752
218284
24302
268859
128434
326026
255460
132503
341898
301889
354585
20570
37251
56242
5227
212445
162559
162285
249660
318721
307072
300526
138859
229602
191744
247666
131652
210272
165368
24427
274874
25366
63514
101705
312990
387298
158741
258667
243928
17146
140953
101440
204872
372632
188280
221688
257209
377079
140878
242624
114182
367016
61158
203228
269480
202496
320136
59571
272480
40964
236259
169702
187763
243279
159504
126210
298201
40475
186209
44565
140920
199222
185442
127718
73799
164438
10803
54805
37183
237316
28442
155552
382656
142461
165376
302410
211680
18866
347157
386063
380375
94785
164252
159937
375208
99034
144385
150562
99932
159171
54049
100074
193495
226615
187511
14522
344854
45665
243391
71029
30087
17529
17327
287276
52137
271972
231819
241525
25120
80273
216784
25205
133826
232016
34187
59892
125035
383596
248154
227028
357871
164675
115605
305192
385023
66776
187972
248771
260453
129628
50823
218628
253637
371798
386027
95072
21123
90657
385147
358812
54007
270098
161708
340278
260211
91993
217221
329196
151778
223934
18234
39235
2349
162871
117285
367756
65153
33527
113682
248433
87759
367544
298260
313654
64395
239976
72749
257826
345594
10355
276619
73643
249791
309390
275680
249001
296061
256707
98968
286140
349068
68594
217639
226711
327930
316986
829
300457
383993
153710
299270
306651
244919
108002
220463
229988
241084
155837
198591
361073
131800
284610
112402
315090
164748
367475
18908
357231
273145
315453
155338
246891
354106
217623
156232
46597
366688
246009
207212
291956
323648
129125
210500
329376
288082
50958
151329
323374
55837
298890
383736
133235
203318
350764
222955
139574
325067
130727
111990
346459
334582
202905
30950
191040
85080
382563
53055
258346
118060
226104
336474
299114
185779
138064
325736
50199
378588
137301
292570
182358
34546
365271
131317
116910
116305
228865
332002
264389
104784
173902
89760
207984
272530
265598
191804
187234
106419
350599
164938
354550
112790
374117
165134
109744
332051
43261
350655
372703
344964
49007
164631
187144
364768
216335
124693
116673
320483
140381
255286
171345
10506
260542
99635
147768
326452
208408
216959
321706
290175
95743
332771
72629
218524
332239
180534
334764
70189
291080
106143
284297
391495
108272
297970
290163
23432
294628
22043
268042
193556
294915
114510
217822
3377
121394
70252
244731
25375
169046
226846
28057
299258
388056
363845
189597
159430
206237
124525
75461
368292
20330
269916
334980
347021
66586
208914
313169
156904
840
213716
246721
36549
86464
132149
36436
103483
69497
841
348716
178732
71087
254416
329092
47962
55428
292514
136874
307718
286623
134545
142163
161323
169172
386563
47477
51139
20326
340470
328704
286453
302701
124829
297108
28767
152520
56328
332250
94072
78389
93680
70083
222130
330580
382637
323774
191053
12361
344684
218286
55546
241955
332040
269416
245095
281676
344121
147446
391338
236941
277527
6900
168008
82081
214885
263174
180614
207312
52292
22198
88930
19268
264693
108652
29096
312952
19554
124878
199268
192739
159110
250374
146601
92201
102660
109263
302302
57003
73937
68911
40074
23714
3798
66383
234802
326134
103748
242314
377730
188737
364150
20117
379459
334431
61716
186251
194162
322595
81095
220715
157099
202084
25615
28086
209873
128045
318939
287209
117134
51357
240301
103964
202494
374167
34797
300731
185431
160679
260678
291359
339919
171019
267010
375192
1677
99952
38885
356878
320128
78249
53476
225991
248493
251348
234758
68462
231817
149397
323587
356495
6736
17688
321924
161049
193848
284787
80668
303642
256200
79686
353285
323479
104386
383854
375237
15790
143668
320585
267219
119614
151886
46725
357210
188258
136349
337937
323793
269420
90553
180064
9139
132646
312377
340351
283307
263577
93623
378583
383657
218296
106221
220906
192543
389780
309196
241777
36953
333084
257213
359304
387168
268983
213523
86653
172282
183920
316841
83642
322119
388973
312628
312295
135389
153206
166553
36307
281872
94829
245369
56274
310912
8471
182616
173610
197341
191389
376467
122322
311362
251585
3654
223003
239442
166
302981
391535
165416
311249
345708
155725
28995
111898
123646
21661
160819
362697
116231
58943
174408
78318
250584
152346
328695
372063
227152
363826
251989
391195
277460
168885
248782
136168
344856
33697
269898
351629
117318
206839
250764
329883
41183
97405
360953
3217
95026
72964
234350
7635
278254
293606
88228
368909
313693
132506
44756
141126
159358
144976
27622
214976
57122
36522
376855
229622
344113
50850
31881
190098
101837
291983
316893
356311
182999
311126
45987
318036
177870
115763
356411
46291
294359
102429
169776
8865
254790
317578
251893
237790
383846
139393
175992
226583
229949
127509
39012
379515
356888
166265
3596
8966
76513
18769
148870
350993
227428
8775
368352
70609
230951
149979
293852
112844
83469
78638
325836
361888
162869
195372
274692
70945
175066
235488
214762
151855
121263
206893
303920
36649
238050
12543
220971
82420
278141
211287
244462
57162
294776
202522
158681
29777
50870
357082
378176
363486
359009
115103
266705
208531
198852
51729
46958
376598
175571
276886
269248
127675
39648
182090
75797
192910
334079
317461
12911
343812
88642
11543
224336
253477
156253
25781
189773
336459
380612
213515
174790
140392
92559
348870
202256
350745
385921
231684
163663
96936
321540
287539
91770
18018
52017
357012
304891
84753
262298
237501
278625
204571
37934
269803
304315
205409
188407
116467
267814
199600
270062
67913
139381
146201
363290
83100
240457
207326
177747
260298
392113
291431
274637
308657
85955
83627
291752
113186
23290
214392
107905
185352
172043
4541
83077
21982
70180
332330
354867
55204
219909
242824
319465
322489
329711
371767
296407
328204
347666
60397
196517
310688
27451
147456
364742
5835
93388
381776
177678
166880
223502
2719
13557
26482
62370
21811
245161
21962
382170
129795
144172
290718
360055
215376
208923
96488
148768
9434
359668
352055
61580
87295
261304
257509
48805
140685
341630
153284
329621
215237
358911
164276
253443
335142
102084
269604
211995
138739
201032
112979
12562
361954
366914
314974
362140
372753
333591
211713
246467
267100
158830
69351
81686
232077
139595
32965
316206
341015
193042
254162
311076
363301
300389
319252
285473
183780
378875
354365
135384
102399
106611
124356
391473
324990
35794
328115
304395
157977
177940
58279
38680
201164
140472
262203
217105
292957
313335
292273
268762
269765
25453
22695
206997
259550
247967
323723
55036
264513
310272
360504
58216
21584
305987
176592
18126
21682
35574
170350
110572
369271
223867
239693
22322
238513
12252
184233
143019
114774
175303
356180
65065
376508
186572
321755
65565
143949
98493
141432
191918
262223
261703
55701
75947
297997
46206
215305
149826
172034
220361
44652
277921
81471
268932
205169
88289
365109
208381
116018
173258
136175
276347
178495
227342
233279
304359
114879
200218
284103
208286
19841
153683
305003
21483
182084
296081
267037
29242
37375
230397
275784
9020
95246
305618
301136
214126
101725
384164
302150
167279
51934
134072
376595
206948
303077
91257
22279
253891
385911
114325
12473
135711
198577
250742
128012
114580
223999
176569
196902
256313
131763
390900
7563
223110
360357
326572
361251
288824
369137
228597
63624
343626
278079
340110
298314
355185
333097
106157
147321
254146
290950
200117
191561
84075
352374
370729
297912
281135
324735
133472
213069
234678
191394
10420
301144
140527
194243
266299
345569
211729
50546
229993
255303
82667
140405
266870
157814
170420
267011
95706
254093
6487
341608
390501
326109
219982
375812
364979
22397
223604
353471
355192
106846
95579
292143
235680
345380
190768
228978
73265
359109
285960
205674
256279
353720
203583
126497
233673
237170
14888
275824
353837
138265
379970
201422
339234
289895
323519
330124
226044
382242
357639
77812
365919
56698
104183
273714
270251
235512
164118
233643
10840
156955
53649
249438
153303
382386
282316
99426
212847
298619
142249
299509
313770
84055
131670
312370
358848
77490
176404
90397
344800
15455
245244
76206
239842
354078
190354
334766
200657
334869
11550
341892
231857
87348
209437
98013
229777
61549
13359
343567
351928
259657
149574
374559
173003
119499
114630
29581
282268
134140
15509
362938
376793
176921
148133
378551
344844
391004
89947
173234
325145
36807
360772
67719
358852
360234
86201
62553
123696
315888
238827
89425
325091
231115
148656
38879
382421
388455
144732
9121
374791
124888
367059
309006
247278
307244
56517
123098
117944
107565
375805
113
187767
179101
364524
69240
207080
366044
85186
326650
43531
289333
214123
237773
29530
321832
187495
128554
201421
345764
302306
142936
21351
97864
239148
122427
128049
21577
339101
164923
159020
135947
18868
40021
11119
339450
108621
160354
6810
211579
29850
295840
94293
88885
78983
81154
302807
163726
118747
240981
165567
170495
136268
284230
261428
247922
27309
90034
164532
304559
312630
56096
87299
11960
243951
62572
210907
148244
95806
27065
250797
374022
5716
206073
228228
1196
367877
364612
189113
92272
121890
130242
50369
48657
172447
263555
112077
199491
326625
46083
34589
269389
46760
212085
380271
105366
342346
217069
52918
139659
302695
261198
252697
186210
150302
54250
243459
24410
231318
306820
127355
81334
175701
29058
270945
264854
65814
35678
199259
258028
256098
253817
13215
61721
307892
217960
178415
2209
171091
177684
378223
210428
267707
74193
375030
254616
377332
254369
23139
327335
245060
197278
338119
126831
245782
215886
321534
164306
88077
158912
106861
282230
34447
165833
182702
101833
313726
125839
265990
72791
164737
7189
20119
31796
208435
142012
288389
360342
265067
344490
271633
237453
136476
227969
378479
76281
183256
102149
144204
327630
320213
343202
354577
55131
294236
8529
353714
132685
68620
110502
278787
218447
91197
197687
63924
145368
126913
325377
376228
219087
381934
218122
105415
155648
241327
351501
95303
92807
361655
140268
34266
155649
254494
369934
81159
97553
382976
273571
156669
291794
197466
180618
348891
156510
91176
304022
337596
197954
352714
342190
104793
198274
383540
68193
211642
337686
158318
385576
181932
150710
269777
362137
16711
272531
27458
46576
165815
46463
228375
304513
253998
154881
207543
160581
178664
23380
235648
226609
77783
161841
387831
175695
368907
186917
97896
314622
246911
296411
105136
114762
103009
235759
145905
55009
15325
90619
307863
143146
124004
362176
39325
171932
222836
198858
323346
177767
378688
149606
56730
15494
181673
392502
266130
275710
195728
166767
104383
199421
11329
332125
360120
239455
4940
112546
259750
3464
14493
297148
237286
190058
272009
294432
207604
80612
101319
42957
261519
163502
185792
1715
74047
156181
309021
263823
30879
289362
45272
367064
195555
10042
336252
228712
353088
160438
374360
101098
197332
285733
270366
58823
322000
179670
68544
229979
179331
279892
365681
65883
150825
169145
180704
121672
127067
366252
322171
224816
47116
275846
260704
328223
51862
204545
111812
353400
174134
149752
327018
305218
97058
270306
230905
190488
84954
150261
229598
250346
181344
70928
65940
30516
223653
326006
137945
50319
50018
240484
208595
149248
291687
151348
362778
189310
10963
106537
66980
366743
282874
179482
208444
227231
286233
303358
147317
220034
234247
26037
314535
6240
105505
280194
202723
210999
333379
10872
109458
359163
138022
103310
4300
43573
374578
234200
114361
180843
6589
24296
248518
258224
45667
271408
307407
102811
75485
52781
392197
359084
169253
11482
141860
362879
276397
382162
91789
276662
224161
73508
62768
321828
37272
294956
71871
41137
291721
91517
389201
302946
191450
192077
207301
11614
252582
245716
256577
210407
114100
125714
368882
63729
332717
328448
13336
34703
1378
3877
131650
22595
277281
260643
344226
9132
312175
299303
191092
314839
132134
205138
361970
64029
81425
173262
268378
277898
15147
30266
283173
276862
278361
363448
72993
33000
280398
86892
29558
15928
177788
135590
364114
203659
157335
374183
215843
158332
39643
252957
225597
36253
58829
368456
316569
150260
292164
198159
222498
8818
105215
45271
227919
340429
123915
382079
279623
191999
114810
326213
355691
49316
201891
212641
116099
104097
359591
61873
158877
53358
40706
276942
36901
225297
45704
237832
181619
181486
15034
93843
348368
173795
278287
52263
354888
17050
348747
195482
69134
286949
81273
140212
290556
112404
111335
232510
90637
50364
165174
376671
294193
44304
64876
29755
19420
108290
300670
67396
235940
320049
342666
8224
376658
323884
149323
235835
233917
118527
225199
123519
233389
358121
159851
263576
89054
13403
261963
39352
372762
9595
169646
48568
387650
249690
140582
325746
26043
283117
219244
45399
361467
314108
184330
139042
218182
120856
18913
215959
135338
134056
269348
322303
98089
12617
93481
328314
339355
336379
257060
374974
114671
358335
201882
79893
184276
350634
154105
309625
75517
72954
243375
364111
385693
255519
181422
389819
65718
178995
60036
316353
248169
312137
168094
359651
260497
285727
338273
305264
93182
155347
160480
45762
244553
249683
276174
258764
60132
215230
267339
16100
272417
174958
241658
277564
368527
60525
85770
144292
185116
186990
255092
377313
126396
219240
380556
125681
308174
238298
22274
323856
301284
26847
225105
119713
29402
285503
115392
191263
346436
67503
56258
344245
133908
66774
230248
323063
153806
60530
240148
44788
378921
267484
83785
15905
187282
276900
259675
74037
291267
217926
22204
358061
56734
286060
359250
312793
199245
190830
378698
251520
104746
268794
242509
281156
228490
235960
133061
301366
57275
365884
365621
36856
320291
200394
304107
71153
144616
380594
67309
172956
12344
94337
224190
180956
350417
105791
49951
212623
195811
200228
68169
265409
161172
195913
26864
498
366789
339850
200323
114666
67671
89963
83889
275328
7155
271936
237638
369856
190153
129893
7799
257037
97995
123994
301160
54870
139402
39333
80001
201527
305395
264808
225687
204372
184113
157370
207173
153207
334144
194534
102773
37079
369316
148525
204881
118489
297815
185675
13187
161956
178757
239489
223728
219063
80417
260046
108885
125040
248041
152429
105042
371817
317328
295688
224997
346069
124057
310185
172319
226222
191514
14206
55390
82969
310960
87280
201724
280523
164785
99922
150862
248309
52906
42338
135468
142770
88080
34609
289413
21280
75672
293855
156247
57444
152397
94684
213625
176796
98811
3239
343427
56264
242481
80675
365137
387908
88184
290731
46382
272837
50557
182009
135802
71719
37875
301523
18634
329142
323622
178656
279396
295198
185361
139708
79982
378488
211620
262988
263166
321055
190453
91958
252322
373090
242321
141702
7585
297973
331350
353773
269456
131657
44420
248381
133135
141108
252466
112669
26418
313025
335459
72228
305068
139488
206455
348384
321603
238360
200494
307582
169106
359132
224978
62988
165768
333178
178462
235823
242075
338453
48407
30857
83409
133081
72452
223293
191291
329115
246094
129697
338230
350102
237458
156637
334722
73113
368725
77135
57136
230380
304404
70704
103991
196584
155623
351959
131964
19808
183784
230355
61535
182193
296350
378905
98846
192076
113717
98578
42980
3185
343854
55137
321659
352696
5193
120741
286195
128494
202726
386481
57110
24343
105192
69005
105598
175592
317923
153537
165410
62722
234960
278204
194256
30521
219892
55766
93665
50751
233924
187896
259915
167118
369615
297945
307363
141540
25972
167567
328546
13028
202920
288878
130701
61372
101595
218436
115642
307002
81549
204769
240489
261292
70822
314542
105357
167247
202514
294416
62021
282458
262056
155719
158404
162956
342028
131809
387734
282395
148574
193173
337499
310260
86398
356306
91594
201190
359343
303406
106406
91831
187695
5219
20574
226317
245835
112598
16067
187768
177501
69185
317952
249742
181356
219786
55379
18870
234540
41425
88054
89750
378259
197862
77316
154189
282876
371171
16994
148391
354075
328348
321667
52286
1880
221273
60586
379382
89258
90141
38630
151994
209218
387482
13176
330536
86131
310178
73001
238287
46876
168271
138711
149898
358419
177338
219799
276441
137223
352013
330887
263274
235345
359609
128707
115713
161120
375330
360857
278672
334379
111758
347925
24278
99669
177268
101225
105608
349017
306789
179555
223924
29819
385199
124173
534
14774
324519
236505
207955
54948
295588
169651
360642
320832
323459
100813
385411
372399
104688
291765
392642
76291
170379
175250
43867
141314
12976
370490
246212
317822
166908
164757
229191
211480
389671
63266
234724
24251
114354
112653
354269
64759
220486
172774
344556
14377
103234
247300
252612
13235
330442
316331
148909
377451
224049
108271
306877
217124
284605
276232
177764
82646
26059
181863
194322
101923
250216
40202
126091
366509
106347
131558
257295
43137
302887
334183
18008
87877
224411
72811
351438
308170
288397
150893
174234
389727
235872
181622
387061
335086
272368
146024
280459
4386
169805
149028
209186
186133
356377
145408
144296
130477
215817
185320
156883
257028
247400
96458
323103
45251
32962
360255
126031
84808
19628
115202
323850
340114
7645
275760
277143
91805
278858
134375
306530
173362
14868
202031
157790
285420
152436
31578
338896
158730
30965
146548
126172
363779
136422
165632
94521
115608
173089
236638
354999
150556
190051
267081
259668
243527
119103
360920
87803
291250
384094
183622
57066
31698
35085
353001
129311
364580
83713
160218
182360
172276
390851
238422
50552
333394
101754
86516
88029
15609
358583
279727
378339
217401
235495
193860
30934
346875
289018
31754
195631
215208
353716
296505
288329
341658
45651
126459
74576
345428
99744
298050
298132
292833
329351
26840
276469
131620
150583
317611
127322
24268
6015
68305
210126
195821
55756
211335
277626
281830
321046
195089
72764
15678
201481
271370
137372
74590
80939
193505
353502
323472
164400
57035
371057
346039
283376
318603
197482
167425
281709
2816
161859
231714
197841
160837
232193
267135
34221
112223
178849
167333
84514
325156
262206
322909
3513
237287
162520
148298
166288
226903
152900
96997
233538
290625
50716
91800
9644
244591
302129
147269
336014
77885
347292
275121
57042
387314
151572
180666
300686
242021
377443
22308
279970
298704
183058
99903
329469
346663
160722
296806
362101
186949
149249
138537
9029
150758
44557
247986
94582
215078
198068
314776
271207
3553
66483
65239
50903
158093
367278
344230
58433
358206
365457
83074
119974
364632
117609
311148
102878
55264
391399
105875
170999
78040
378087
85178
89346
262617
147926
10518
95983
268004
345882
4534
292826
152585
15598
208453
343359
220286
312124
226075
27290
291242
377960
330344
155154
384308
106088
288886
10338
189366
34833
148238
278412
310428
173607
185075
349656
191954
112054
98010
10375
288679
280995
312640
230988
14358
261115
292262
71273
129806
322211
221560
379623
183040
235517
13274
31364
84459
284839
87907
260846
233314
28011
390454
14897
227559
156395
71067
280469
236352
354074
207553
193019
86469
163590
363913
62584
80849
303395
61746
7831
198966
236370
198318
198967
91956
232693
381247
390539
77685
51352
339127
180007
34059
232192
34838
8466
68007
217989
183209
115967
104428
231882
144096
280877
266258
337894
212272
311994
59240
212299
290330
253996
249934
116748
265671
11663
388624
136906
190734
29877
308409
218023
136251
15518
365912
112399
378985
113010
78744
132226
320899
381319
233545
126424
283271
350588
188255
313467
315119
132867
168385
278885
168801
210215
241066
103161
54720
311316
265923
128400
234240
350440
212654
382662
247740
25554
64096
37828
356256
233291
151310
260541
144117
194216
37794
133185
134553
112316
272670
141922
350137
313472
78180
197989
328532
263268
183778
386815
131790
326070
250458
234785
211873
10707
28398
348270
252545
143012
272750
109877
12390
318404
253654
100501
86340
13631
18083
269795
158382
88355
56949
248588
293191
43428
166749
49510
140581
388629
341309
267777
240448
139682
50017
223733
128226
11184
278580
267292
222454
358227
232157
233841
67415
131390
194851
53620
316110
242357
345196
315464
273943
266433
117383
302713
40096
57736
59502
228974
262144
191777
370987
307635
78721
274009
218675
73401
73447
356114
352564
196372
152444
366232
268557
20908
179958
304489
122779
245272
297325
347319
200757
3174
92506
101172
100882
298211
34956
349734
302022
227448
15468
247389
18338
220156
187832
186091
158729
212124
316811
150167
270038
178311
143170
269951
205819
278742
263385
184587
12929
304450
370734
362342
381943
15588
21630
282564
371542
265776
157145
215110
139870
100731
217100
75105
6310
247932
369279
15515
110753
219094
167852
341268
115679
138653
203274
19252
290043
89328
251002
219078
198572
104371
175042
64723
249498
47025
116591
189531
220783
198524
9278
223912
299779
142921
318126
118887
22188
264654
174838
176867
368596
197063
254370
250412
298467
59170
55666
286785
344719
73573
352003
306556
51821
83659
242851
9912
132803
127986
369984
246076
128143
255777
277375
323167
30710
311304
154939
104176
368145
308274
245014
288843
206528
185980
190899
116317
250611
247820
237206
321691
8912
198536
295668
374816
193275
154580
300736
206487
10124
43389
371226
337788
56467
115668
267589
105530
89982
195920
192499
23555
278491
255181
241846
308321
207548
78276
301626
70805
284724
255127
87536
309539
249706
92498
385448
291520
37320
367037
200042
149308
376659
273147
130380
122009
140230
181665
220206
147601
232686
159456
244053
138490
279293
130965
316604
374630
372045
299499
334655
184114
176303
354714
260143
69966
359834
43731
146942
304867
277360
272058
133031
31293
231603
8396
229821
188275
154213
327902
219195
152939
208558
169849
4638
291398
61799
59732
90009
266361
133801
60244
222409
304982
324582
379607
23071
164495
145501
62894
184746
234090
317458
359446
270164
324868
246394
372059
216173
153675
335831
80004
50344
155558
310336
350316
34333
45074
213481
277588
126484
244378
390691
204873
349675
30005
392545
363012
155868
381730
88830
306133
27043
50153
144199
215835
97081
306745
355040
80562
8993
94360
85560
199304
185850
152167
287449
166684
185945
390201
260056
251314
240374
181568
36165
149090
262659
253302
186213
232215
101406
133718
67016
42079
337244
306243
243065
168334
67864
23184
71107
156172
316059
30851
140086
382239
312603
220644
270337
7234
155600
285340
250871
127920
211874
283738
302694
171956
141489
300507
198603
133534
384314
47022
23855
333172
292080
195791
164989
147810
221797
165749
327278
309897
120278
189995
84291
102549
122205
280280
366726
312987
44104
12437
129170
286422
309862
202650
143198
279495
127739
214046
222120
193422
385807
56276
230301
38808
171581
103618
321561
124735
253824
85523
289834
277487
2955
330447
180835
333546
198719
331418
83045
74760
317222
299361
141663
228500
47963
306887
47569
138577
117180
200155
228566
271893
196493
8157
351735
62588
297074
169923
296045
155234
313597
376860
94080
179826
48105
242955
76545
367170
209906
250405
283689
78955
66626
209298
128891
389163
100157
206980
45693
349850
229847
255591
219310
369873
234909
323258
32568
165290
60272
2360
131759
249017
339902
166484
45746
371943
266647
130432
270242
379453
369718
122023
119630
382296
360107
223242
19757
261267
277428
51116
56848
150103
20078
365665
63349
37594
255583
37378
261077
231351
173110
225526
343378
93056
75402
192587
73790
127690
149986
36028
94331
173088
326593
88198
19587
105140
386118
325671
131559
129620
322082
252655
43152
323454
231232
888
270224
340241
109196
337687
33076
238504
177565
84223
248294
117684
159489
113005
13089
168961
207797
170712
113262
87879
213656
390193
71015
274471
299075
193714
124329
173804
194941
316783
286030
372443
76741
230487
300128
303657
253123
339829
262581
171405
117007
190794
391396
10719
133875
55457
355005
336232
311052
152771
149014
88753
228140
352261
9447
21996
275502
104277
253913
295102
136517
62871
167801
205551
265054
217347
344791
21762
292710
76471
177606
35745
337906
94992
147784
8313
14804
317327
284999
11227
59463
177275
106706
299723
46806
315597
345220
75108
58863
342610
239209
260094
283794
83848
180514
12420
308142
331367
264677
227330
183605
136301
330501
173546
83436
130294
328607
66287
41338
305208
98504
214786
87401
304539
47922
75258
25265
202645
18482
167044
255213
324434
78520
174364
51736
83564
190652
358
357887
58026
78485
215449
203812
181296
362575
48296
286294
191424
222138
68595
290901
11512
210883
85035
186309
288812
83566
170927
266432
376249
332126
48654
238614
274857
116020
135791
275509
25976
327649
176429
332790
207005
359115
222816
145374
97687
255801
197095
59996
239241
144420
253909
234197
327032
316589
32312
3863
112361
205758
349229
246569
19987
268435
290205
9494
1236
159794
49224
141655
91755
126807
105095
127397
309653
71910
267404
54091
70789
119820
285587
108196
342004
164440
24202
141806
228967
805
304476
192858
268226
29465
377461
347469
188042
258377
233712
285765
365186
74489
364881
388735
155701
274698
138782
187135
329838
289073
370731
240190
235222
137047
216975
88850
314758
340309
386053
114138
24592
139688
169359
34036
230056
258871
319703
376794
254534
45692
75341
116147
246091
170541
328608
158617
92568
275707
130237
152049
140202
33306
218560
325218
226047
188651
367399
101258
336786
37797
147369
94812
68283
365373
381613
106604
47740
25313
106626
260060
122678
5127
110531
367867
272628
321265
166169
195739
215572
364990
204199
372771
225261
134207
297810
338466
110657
45674
39846
76058
92741
350531
66921
336954
175822
129300
74238
378072
161360
244588
37460
189330
107969
152180
186454
158164
65014
314099
390204
379614
221648
231408
26020
246423
10543
351253
357443
366952
306965
107993
61734
50669
77358
169535
10691
200638
167083
205009
332748
383486
303637
174222
69624
237019
98074
389555
206127
37819
243451
184375
354702
133085
274337
171585
226351
338292
66821
389289
337404
172728
298283
307652
391849
265082
169140
130436
93871
227863
223816
148840
289442
34319
210164
221744
98259
272943
52518
265490
159556
85336
314453
313364
189697
193871
334347
311696
367609
262962
176458
66291
63290
244072
255826
10192
181638
144477
6553
225621
153694
392622
210059
356872
219815
145248
29631
185392
355017
190640
74571
128070
102789
31725
221632
132507
58717
79214
95988
343717
53911
79613
173039
298635
84870
89799
22114
256180
12203
224987
281128
82944
374528
20612
120564
174200
212839
290742
25135
360793
65009
326552
97558
299960
315354
217131
90490
267092
184871
20892
226782
172701
359053
345109
182731
51891
31531
92096
371145
224762
163704
329859
4984
227958
112706
79521
168440
368542
121593
360268
214385
28169
151917
378230
243360
370245
117345
99768
92033
165075
301973
116656
375529
53713
45077
33386
190259
253873
123710
273482
171413
268869
156316
237906
354111
127685
325185
227883
365484
96748
149197
237889
263062
370647
230435
175004
35512
198517
193498
274261
378186
320908
143031
30951
290648
196870
265396
40939
121597
240334
184007
196307
382954
33550
196107
47724
34164
143313
341817
248833
61900
4544
128580
361825
300667
298485
253600
93582
157675
261360
338565
139848
51640
158280
241423
26319
11692
57387
189887
239524
10240
257974
95972
293291
184500
340854
277964
99162
357401
225284
169276
59169
382331
4603
198563
99251
150197
387228
376094
350586
153290
173336
115186
352453
288781
38017
319983
357326
190828
237827
248514
125088
261354
377245
97431
36349
322090
359046
94989
242771
213808
130073
229036
215887
334762
148270
324443
43633
291325
306147
222412
283992
72739
64226
273291
21350
68252
257717
250852
282414
245115
102643
225679
25703
66785
143847
138666
177762
40385
172659
350549
216588
69400
182044
357071
110635
108553
173126
115470
142964
273628
11949
276706
72210
126142
106287
97657
155703
251663
352392
46082
75198
92596
194742
276825
210734
200435
141450
300837
21689
326785
351392
287663
167895
271415
13939
8359
126705
42662
289473
377815
241890
253146
379061
261094
316818
273826
242981
172515
28519
54466
258223
62643
9131
36500
122515
224727
100160
361593
58315
303515
167664
79042
365203
80885
277194
187403
195329
251207
87578
186827
154265
365717
302984
242250
93212
45350
178176
280707
168803
18511
124357
63478
278248
289821
23027
233308
202081
309112
388628
120316
177566
147300
104842
376607
296984
259383
243457
113467
113840
367537
167638
248378
83697
286476
79471
246368
164747
125619
256976
95602
337025
97492
117994
189196
371044
249172
10066
291962
347540
22862
254447
75771
300486
98414
40676
70292
221329
363179
314794
164319
151479
178332
284820
142906
344700
7246
198898
388670
187601
17159
171788
61452
218508
226303
157992
226362
250620
148627
329001
260986
347357
189561
201539
50202
91434
155087
64868
93320
297164
161273
1978
372181
13317
49836
316515
157135
80491
213701
319186
209265
120654
298462
120583
46899
5946
261907
41400
167146
392110
386729
327554
115842
6356
203154
364210
348518
248645
235286
243481
70678
29723
147285
26493
229935
223098
373000
45296
388165
161811
99127
128862
230673
251280
356973
305991
323762
4540
70914
82163
187482
25273
360918
44847
280490
206276
286836
281197
80163
34084
369588
79791
154690
250779
161928
281107
166805
60896
51833
382452
256411
102791
175061
310482
359944
332346
311560
38044
365477
79419
243937
271503
184083
88049
179060
143001
134596
262679
188140
99716
139657
61230
250551
128352
355191
260711
21870
133338
259171
158247
311683
325376
284574
207336
14819
197327
240841
311438
23612
63425
126876
313134
134459
295246
103553
55143
18112
51071
126565
387560
200694
89110
320716
311534
70248
328073
97542
391689
285886
148463
369353
62482
62391
287228
32159
253424
274784
114756
381125
267057
378999
77009
128381
570
45650
211044
374261
386526
360930
126192
182904
296878
166120
188499
344119
332759
341279
43626
281635
176425
220108
196632
131128
25738
30026
62277
141322
132049
158604
358939
372192
117714
279421
226480
36127
344181
312736
50149
62864
33039
145863
249828
42413
292095
381742
385460
75921
24432
48777
153520
220300
129273
289177
11479
8155
364494
313010
209172
50451
53861
347708
391822
311080
5374
210791
65090
74149
245350
43629
136617
111997
58665
384360
183841
226180
56564
74716
84662
253130
368423
220861
315393
55525
168793
188930
363069
182326
263327
348705
44018
44849
28913
291988
25023
383087
64535
334717
204844
333144
142108
94977
175833
97062
69126
348738
382522
217611
63885
386907
80680
282445
7967
248982
365294
271097
106964
138363
343149
324304
354802
317007
38603
347979
316409
224557
322540
162690
172468
89764
240339
265063
390058
47952
388320
171050
203548
148294
359291
97203
334354
210589
29863
300618
389512
190940
142302
149738
151750
276507
242386
291440
354547
173464
44182
324446
42300
220769
174785
257182
94752
357795
230366
293348
179708
273720
282693
92229
268258
112553
180361
351869
230930
137362
352419
166303
165419
376497
59500
293940
178798
15136
84335
173923
153509
72183
340243
232384
89663
290494
194671
385099
179075
142201
38882
109985
123005
136981
343711
268047
349003
18092
111108
373222
387073
49201
49318
17255
227670
320861
140164
337700
177700
295559
287585
276486
118077
80216
341302
92958
185573
102398
142914
259571
331392
201600
219099
338484
272737
37278
93602
203336
191357
191600
22507
325695
155017
163343
48419
132948
211432
268826
339275
325105
90667
262183
194936
20537
305494
208133
309308
116359
192992
282391
250381
117798
117000
91083
26206
170517
124774
72995
90260
284076
328803
240978
97089
123852
82344
278076
28732
48005
290683
194604
170357
375460
180611
54555
288459
60442
226512
60246
133230
173684
203843
194959
365080
245408
376398
36020
66370
214684
355662
265189
160795
5420
316098
69958
172986
303535
205406
215117
303103
384841
96835
217130
69891
206937
26787
208910
132709
44402
212632
327546
337242
328924
155972
323347
229503
150369
154641
215746
185102
44572
380522
251186
380131
340095
81267
202385
385569
340107
292345
266515
53285
19906
235412
120861
373681
168123
363225
22706
379535
133170
386298
180086
228742
22769
80536
120243
203222
221969
379586
176548
182153
212866
295818
63034
136660
109443
241269
186966
380243
92890
169309
52128
351278
132761
106564
312022
79233
277303
303592
375630
212634
244936
368397
338412
166772
303977
371173
83572
22886
355849
241790
122115
278253
306958
361568
335991
144280
303147
310377
276954
189258
49947
52890
204438
266237
346846
36119
82571
380659
77298
119611
183904
102092
297180
51893
174049
349663
109807
227516
312038
223162
120556
241641
297016
323249
109248
213285
367703
249051
47383
252511
256201
114440
201630
41568
29336
155431
344532
11470
196808
246395
40829
375680
303393
214787
285734
326272
89009
232242
182263
362615
233246
53062
198646
326329
349221
121360
290243
4802
173125
110673
165658
204413
108330
75072
202835
116025
174086
67324
254319
229842
194893
251452
314559
376503
312464
178282
187093
374527
196108
213723
315777
329645
209165
133898
388669
366128
168
54167
50502
339499
184688
27202
138015
320449
373151
299905
26371
221358
245217
327375
251931
298522
364385
365690
25490
314420
295831
14570
209685
378992
28227
56846
378779
155443
138268
126410
102757
134422
79598
143758
371225
389340
192428
264694
72109
74963
57505
196492
161934
133978
365022
219631
209152
205984
295160
91080
67034
67499
6560
48800
291889
46172
163257
392521
27785
143298
237011
322434
332299
185539
255766
151282
277228
253788
370524
138538
173977
356241
183170
159337
167986
215011
158124
176280
77396
133069
153679
28645
246327
67734
20807
207614
271434
160341
65924
37598
76719
357294
274969
1845
290402
294804
350980
152253
132424
307548
210491
175456
194602
191452
203128
79309
256380
203917
9380
101554
95491
37731
201788
96538
148609
11700
124291
64832
305541
91213
165560
336849
98800
276759
300193
301129
354155
214531
353193
74151
164406
147573
66935
368479
14364
153370
9655
113072
111440
118319
47868
389540
363185
19768
26377
186835
48150
132309
125812
270634
229867
159228
69906
316159
372570
280107
164455
263514
162546
63381
260237
232610
348009
77152
214152
301193
281877
340158
178659
278688
16528
246812
109114
32332
144022
357652
335110
155404
355424
376894
350648
74424
35663
99541
369479
49950
201020
313652
81351
196010
13380
186235
351051
377850
372858
207206
41809
25535
134920
166177
333957
357640
219030
258139
57145
260314
150310
375793
210624
133846
338586
269767
284109
47848
291686
6184
214032
230557
93233
225788
337207
290127
156317
243208
86089
94626
235105
69356
86433
159727
318217
130029
341503
314012
194139
378334
248067
131903
379178
58707
391503
262677
324917
21550
26548
271429
136149
313104
276879
380905
379311
90477
317678
164026
52331
64873
258582
239606
78278
180410
325489
70267
241178
221255
334494
267064
185674
182502
356378
69252
271790
301837
362689
205045
127090
115292
326901
46455
279497
81498
362586
349736
307925
112000
167151
81958
59263
31381
150070
251866
220496
9482
22916
178349
9000
116090
236515
114517
139982
105748
103200
301694
152648
13553
104356
111803
336937
205746
130706
296169
9442
180459
129933
271155
192788
111319
385488
86283
267543
168219
366372
26700
215063
336312
32874
255041
273691
233987
208476
253678
358571
303963
196424
177818
172605
32165
296682
160825
175480
250416
151322
337434
92919
128350
297804
302504
130013
6087
309661
274451
297711
91390
228495
359030
273330
19881
115449
164332
24817
108752
239294
21596
130066
257783
275399
14520
186776
10260
88580
45397
242010
357087
300015
216825
212268
176298
133038
336239
234668
361886
128673
291482
63991
300661
224568
362712
305930
39432
180990
341028
136702
381102
69341
157674
213661
207519
178329
354564
50245
338691
75626
389794
234291
48532
225575
130536
334755
139204
130882
259398
276526
327518
386702
291683
247483
96480
365150
319428
223523
341026
101854
5682
94983
295647
113559
175994
264667
377056
347403
57077
84817
10047
204465
216419
383085
185519
188557
251328
61668
230620
135110
233930
105596
237774
99278
22343
337501
42643
61013
356658
169297
304271
316129
350799
156542
277874
88233
43585
87774
291243
311163
27039
303382
345078
273315
381744
140813
75882
33024
258448
276045
60361
241743
131802
138573
295517
44068
147102
20887
136203
238367
247100
292577
242720
91593
362714
358267
329213
320994
135087
373
202780
349149
309505
260392
174581
64539
217341
194515
150331
373440
221148
336804
277255
97717
56047
99208
353340
207401
315968
16861
141169
139308
137928
340255
190337
323201
138126
78197
187663
215727
288429
18546
97429
44262
380822
147510
82550
199749
191276
319072
86942
78540
326530
372521
305067
141150
16797
305651
355070
161818
33788
47694
214622
373049
161177
114777
181518
311540
310008
236790
87486
71984
240084
381345
34720
95496
25068
41147
66149
331227
210942
32284
228378
318768
60723
112778
138096
81731
362839
390615
264748
376618
39397
325400
61628
284184
319427
254695
358766
57312
347603
205156
256169
322132
255617
361228
257751
171668
208122
298262
279209
37618
243848
157515
7892
194987
125001
68386
188579
216593
225256
94666
183954
16574
87255
147490
136389
380777
211048
328191
367138
150889
309108
294237
281178
327850
97622
284089
196880
57309
94373
299229
10323
300474
358324
71341
46298
26530
70787
149229
31924
386562
303815
360605
221793
231873
21652
136562
224247
118870
253323
56459
62472
120968
292268
136882
3548
128761
266093
128403
142813
224805
390769
68599
49233
123674
341809
145127
31346
268379
125518
386507
87958
76106
231934
173703
15535
303430
53327
193138
280008
10882
356880
110085
134253
83571
192371
335669
112416
41739
144481
249738
159410
14450
35354
81732
11683
111787
235086
201270
320750
324961
190509
297656
322264
206987
70116
197546
140791
192043
70561
158304
305856
224688
304877
50485
128523
99747
277883
294104
23034
137889
83336
277054
317695
277590
280952
94648
45384
141188
321376
267762
327474
160915
173338
90500
307263
164581
201443
138836
117840
66549
191705
91503
99707
114162
199754
297732
329824
374111
274904
202678
150288
357628
13015
206714
256122
113648
95010
134679
66707
293777
166594
388423
11886
5749
90073
146487
178134
269382
350536
298417
320746
72008
219616
113236
345052
270553
173917
302104
306998
363358
127190
20555
346316
24073
345317
4929
109497
377418
39202
8508
309508
205420
353724
242735
79388
267632
378316
35798
58453
375903
334215
260524
170919
142619
299479
257850
340984
219800
295222
214370
212992
62267
66865
4803
343432
184698
52305
37072
304876
266941
212007
260604
305036
205142
2808
54292
211688
375406
302951
379267
266468
143569
245918
10085
271527
210393
148035
246913
183938
13819
162543
174528
60639
299885
58486
147326
139950
65246
182144
86418
108023
11383
290283
223927
141378
74831
318773
111359
115181
73620
156730
173146
244911
304588
179851
119893
322857
33964
354956
281473
244120
31642
53255
97912
265176
375928
123279
228207
343315
133971
161369
35043
614
266704
87274
188360
356763
303116
21887
84683
319131
165331
86020
387213
15454
278624
348166
10462
215974
331096
309077
40072
129282
176178
137883
291651
225431
182042
242939
122862
237176
255126
346349
123019
143911
121410
223250
343870
194718
301043
79691
183993
31646
135199
51621
7624
73379
112452
242501
388225
275717
232512
83581
216876
282815
94717
254505
330784
200683
333601
118415
264073
247686
11827
215249
335743
263425
266853
342640
257606
228995
5843
127934
384827
279774
165245
55828
179996
238406
13708
73729
235978
373658
229972
285069
371274
140625
258310
49580
364911
321391
330398
353824
289293
142270
255109
24611
119318
213651
195083
375463
96168
237340
249831
349150
343092
348482
21570
392309
20590
202533
85773
73015
24500
207630
330159
297592
334132
159966
46916
173905
77126
174157
167930
263963
160151
251032
219404
341544
49906
211714
330011
212515
340196
373077
229512
297098
11948
260767
310233
155913
19494
390962
107303
328024
93601
77157
343744
126289
366316
144585
284063
319894
69301
82072
120781
128408
344009
137374
180370
12377
75614
343716
71285
37343
276541
241550
134970
157349
123254
316950
133108
146777
244928
225835
204272
320888
220886
235871
244581
11648
182411
312366
61972
286247
342053
35261
100309
216515
380112
340341
84325
58069
253079
38307
199573
281494
101865
390166
58420
304517
115518
172548
8441
389781
380318
104805
376302
200796
185868
332414
303018
277413
233706
321634
228975
102903
284649
221642
121435
137589
125879
198701
182576
263570
185853
209419
151180
306301
340136
350127
376558
106772
4323
307663
188074
162038
37236
382367
193990
49910
134605
26922
368226
12596
72438
113261
327448
335514
283805
150026
361540
159806
71962
360436
389938
176026
250134
78483
65530
275296
269830
324994
269987
320981
202526
245902
72015
368618
197888
270478
254817
140742
217289
70860
221756
218248
248499
125674
189530
293989
325203
89253
340210
292037
305110
286417
200540
147451
87328
132225
69288
268963
117748
183355
224810
359290
59383
315550
383304
236223
140092
327423
48700
185825
137475
329560
325048
325874
291151
192133
373456
3277
36149
242253
240757
242047
302318
118166
68289
319489
216920
181091
39447
246318
11406
147195
327314
142454
2111
273144
256605
261190
252749
194920
242547
41565
152720
72074
125825
212459
179876
37073
310309
69003
246492
362829
340698
31635
241998
283366
227096
148001
187435
362127
203304
375524
85511
235025
19578
272388
371705
261611
123980
257261
75509
349741
336534
328584
276575
148632
36322
357316
303447
325887
203652
320672
219318
149416
206282
118416
14840
89028
188198
62288
67291
202958
118737
265168
327059
111399
341712
332723
79574
341038
202422
188607
117399
87057
234348
171465
322495
234504
223549
248765
277844
335709
176500
164096
154720
232082
259896
240378
358975
222163
253702
130421
26934
243195
221554
14354
214409
199262
233815
226161
319041
82708
232623
266181
49124
44238
116254
154464
331254
62197
225943
136891
133181
157617
133295
189382
163536
348789
17083
17815
104133
1650
140014
119048
253034
57054
281330
262612
131091
203218
162929
385230
203717
246464
245281
371791
344026
84184
310523
85662
93349
96700
249065
261054
374587
79599
51052
228836
33079
243686
154319
159621
273975
299925
224994
135314
305281
1312
127372
381746
59664
256138
385198
41450
300713
57556
27132
179244
196655
123641
194773
81776
344735
269842
116053
272216
375685
195208
296020
173178
357959
73956
283629
206043
243473
214187
252601
314197
344710
131215
267194
226647
184993
384392
82437
88687
241662
74792
229284
291815
261305
290217
143123
135383
389738
224554
7315
297186
197700
160296
261930
359638
325012
339236
92512
355402
184685
138587
42340
239220
358221
294659
239928
183796
268912
288035
297768
283101
153259
26491
183146
41102
365108
32587
331014
19362
336209
290068
156560
308804
248539
46754
111503
101353
211879
71321
126398
36339
197663
247434
231673
42499
152184
134948
222342
148364
193140
131049
108421
368032
127959
112903
230111
61951
118379
125774
275757
345180
95676
68614
216216
359011
314654
196101
154699
225258
378141
189498
360209
388768
186142
114128
19908
358545
15623
386923
260066
23300
364316
121112
277832
333248
175602
301224
193468
379969
34377
311695
192308
303125
149344
270823
250504
280600
212248
63315
187409
382508
238330
149376
51239
189119
365197
109241
87809
263328
123209
284900
184232
282107
60920
34630
213328
61024
109905
301221
197364
167096
211440
386207
231429
386904
242348
129801
35860
163844
280967
358051
336588
176246
34468
321345
10576
97249
365992
70905
33961
140484
170396
326367
311228
177470
169882
314407
4479
234276
183126
83904
239327
253690
57236
240245
5894
358094
135480
49678
268231
266378
233135
267698
147175
252033
138595
191679
45334
157934
25436
341032
48219
176094
268628
389987
173866
216721
98083
26483
15704
345763
61859
96555
247839
63137
61293
212874
360868
140391
139365
153390
279104
365315
206861
152394
281556
16699
266643
166849
109936
86983
167123
323819
297906
281322
359404
274666
124241
61469
83998
154840
105785
366134
296604
282788
127611
288231
273983
327196
44939
342108
220157
128923
134052
232176
387698
130151
59932
89980
215195
183779
392476
134355
391602
11927
67525
121299
337050
241070
206250
133778
180092
94815
208806
197202
362831
343492
32795
94847
57496
250815
134278
17061
317894
38189
221823
135020
1166
133365
356967
89074
305663
355523
181174
45823
363138
117368
315309
77276
141698
344555
323096
256310
217280
383046
132568
283695
303704
297306
222708
186755
290140
157464
249342
225262
221121
285783
250564
22104
312724
351864
162398
225202
228861
363828
195154
179987
253770
221377
359871
251554
168406
46501
256831
137729
353185
374814
351787
193302
7292
251476
168088
372591
51521
344175
19325
96352
383583
34529
198421
10112
18150
197325
236343
340458
383080
129918
168399
229734
49737
158520
24188
38523
44252
55029
189549
169821
375483
57943
17616
53329
227962
358906
298767
264596
369474
69449
110979
6152
43735
49109
164065
136797
187306
78526
209039
166929
162995
253805
238217
161162
168697
94788
275375
24106
267409
277558
38021
11301
30202
183574
299411
247540
378544
176180
22927
65730
258798
248488
239261
369261
183255
60828
245345
347
25487
274955
391374
72781
282205
254066
377903
328652
224869
322388
244592
350182
87647
243586
204092
388563
92520
160635
86314
33720
86600
202591
277079
357719
257487
118587
197042
376540
134849
278814
231880
185898
184756
160205
201498
174697
83054
13220
13085
372986
103206
275294
117799
115730
192245
371343
288561
175586
234294
124545
213741
375342
229100
359952
180238
136401
223228
156778
212421
319293
139889
333604
217146
359530
80967
91702
154936
354997
83794
263500
88200
239232
116966
78111
333814
247137
300934
79403
16697
366979
138478
139223
153555
16364
123400
114974
54605
197565
124199
126777
32174
85902
43880
62654
238523
251009
91184
248293
79866
323004
387282
19560
29764
151085
340817
320000
317770
281696
26655
82236
169491
378353
13780
318667
129816
379632
236832
1994
205281
384265
354235
311478
320781
286045
376219
63955
1358
164353
234009
112769
42797
180914
279233
262604
85942
294777
221709
152163
238310
115658
166996
338008
108715
97853
48231
363934
79801
311794
5033
299731
367620
42217
167854
211778
262858
190533
307637
156584
240869
190930
88519
140981
215470
102172
94879
149998
180546
311708
379161
51881
104405
360826
355446
251353
143920
108066
147038
321304
182518
384958
317109
284181
384179
120215
161095
197810
252874
185975
4424
237026
45306
130241
361396
83660
15022
368200
278810
355522
126383
300168
79057
47865
178039
134697
268066
72232
336605
292133
310964
72886
383239
156334
312010
1817
356657
189036
232472
213660
34517
246973
21342
233134
164958
83668
349402
266752
107587
223749
278241
239565
388082
349653
107566
344029
25389
99552
350714
48751
115374
180482
209697
245498
346779
309132
309415
46846
294073
10266
191940
352148
180022
209736
111530
107968
84783
166224
328321
183517
274734
87440
292604
7630
156044
88142
307034
55547
345327
86198
342832
3893
348193
249170
130538
375083
276385
363307
198838
112796
192142
209954
338618
91325
196905
250397
149966
14477
22441
376456
88359
337916
239533
48981
179449
308718
23884
241714
297811
112667
53177
143343
294701
111615
21068
26608
32986
295332
269738
358710
260369
109745
233826
216345
346776
61693
213496
75146
226321
147211
62558
169439
263311
350646
94063
285214
180555
275176
308662
1062
246218
132972
354820
291119
315525
244790
312644
131218
17897
42601
62271
171650
93498
52189
29122
365031
207128
187224
74137
91775
277507
280862
366974
173598
262148
19594
124153
351496
263309
50561
76115
139992
86844
189544
32135
73772
105660
297096
77511
50922
164861
81299
36575
185803
263263
72457
131249
223042
239744
33874
264003
169541
251117
338930
361034
89809
122672
90222
301425
277506
2341
391254
232322
10787
240566
154800
223976
379052
76486
220855
105878
330001
254527
343483
303272
131152
273077
106951
116102
289001
40424
343322
101524
190121
100793
122378
131110
116126
231118
47002
116403
336493
268645
260594
370369
278980
252979
13758
246080
307334
259727
80547
22055
381790
206970
252465
27827
97918
221507
135573
364258
25560
318567
120486
99502
271394
136147
246242
229999
224018
79038
105188
34197
165139
150357
271333
164591
118996
150903
278220
92546
176546
212884
278145
122984
239731
199993
313867
111015
272610
387157
359666
26069
220099
76535
202000
259643
32614
227217
214345
67634
372711
275333
216312
219821
154968
289164
244572
360693
199203
375712
81120
96137
352408
56701
122323
71126
226024
130501
384929
107432
15137
251523
74897
111916
212650
357393
359416
247035
149070
314906
141020
199367
2834
130661
118259
210404
265463
357499
108139
319250
193026
101449
52889
230802
253570
289743
284416
181841
29646
177820
305157
354529
1804
200922
107031
20890
234877
143121
217859
168278
142115
356654
346342
197165
199153
269730
117689
49181
187390
245659
309030
34516
251201
69043
114123
185010
64692
300134
191056
190053
219189
298569
357763
352214
310170
380844
284588
335972
145330
125993
283950
288844
227161
199604
385889
299649
115857
153737
57591
285221
348118
134295
332034
186937
195820
161676
222514
311390
69178
199876
91007
102517
230016
297569
7364
213856
327504
116800
277189
87179
27250
295636
70755
130870
207374
149184
193164
2208
32798
132927
95634
239116
320710
340555
220873
97919
11939
83922
185881
308326
264917
366019
161854
237626
164662
299821
11690
169925
388294
342489
202956
247559
378593
233495
186119
131885
295211
263391
187387
35058
63574
358169
267700
303867
143700
154340
129592
28528
44249
196068
200723
282721
42803
241200
192267
325029
381035
357527
308141
168540
351972
150447
259549
137677
272672
67236
138051
70590
307523
28362
80135
265243
390219
89215
361592
266580
64880
3788
319247
27111
188266
179567
245792
91338
245689
18765
28618
364685
138070
158268
22835
308537
84360
225813
300404
344769
337484
66289
352535
137604
285457
314550
269571
333188
15213
329420
83496
104628
332427
11425
184399
258834
115033
26181
143409
9013
298455
306072
123735
246008
340595
59786
192113
131526
154301
125091
255454
345713
190724
135693
238285
188802
70780
236415
205514
250167
123298
220664
316079
274802
22367
46071
119089
84057
6531
207304
211773
67919
220040
384658
230610
245443
205246
51400
122408
47099
18950
356678
356212
74300
243746
167839
31148
18850
59807
124820
283997
145386
22724
263101
203764
367987
91621
335427
250725
146147
83483
376827
204099
307685
186495
143340
357047
210705
389650
366829
121617
241416
373026
229254
68904
296991
222580
349824
354873
71608
147449
343439
239380
60075
387723
88111
146576
42354
17640
112877
268416
134793
190161
117428
12284
58511
352533
246129
249489
302451
303982
90208
279469
340761
99741
265271
16840
168308
230122
370178
101120
174789
334473
91199
363690
147743
256650
197236
239626
137492
318090
318645
273318
292956
302009
5856
265234
198320
63050
282556
307667
274111
304826
142390
61235
259099
300131
243643
41260
60043
89598
308712
266268
303316
204829
310557
200414
51436
207368
65773
86827
138951
288346
281573
101692
341982
261791
228573
270663
114460
258537
84115
313491
94687
163019
265804
31270
39228
258167
288509
383498
387090
232895
163434
105222
118838
35
1872
253229
152868
97119
76169
32285
128897
18878
120447
123768
274672
66901
69229
282880
167738
194334
157537
95802
192514
216143
194537
374613
95306
221511
63726
127723
29043
1056
5027
283988
310043
332686
66426
183949
302125
297935
173585
87570
60805
17002
351025
282463
88744
290672
340438
115685
123966
323046
335204
117756
50352
16065
182773
16494
355981
58653
64853
160248
135805
106285
370766
144857
229676
39637
384012
284762
110441
257490
122546
6751
372272
138125
150872
93088
383786
115032
256731
198525
257355
38951
170129
381111
152173
40143
391756
183451
143573
308745
285729
345418
34901
126761
74372
355706
39709
35864
238412
266829
141357
300119
332960
369499
364230
346412
285920
348056
238977
158313
181793
328148
357235
136221
363275
3049
11748
202078
55258
206414
353069
284252
230750
358463
32908
142452
271563
143772
83362
116501
8352
295024
277029
76209
113571
168584
230422
203599
13061
295386
61847
379392
274226
4110
191295
369265
39154
112156
116457
381212
117202
332292
193762
155278
20187
87598
283008
280274
273459
183349
78715
213801
203679
17864
104513
146340
39816
13777
310021
227227
267279
4924
382133
238294
254677
215659
302793
358724
174644
285764
131480
199397
47307
279719
103908
46483
47879
103400
268017
15418
134353
148859
340930
242638
136419
357496
84895
342140
253042
225177
268064
229143
12773
93817
181976
141636
47658
282032
216572
119008
107718
225569
335192
189575
353806
113344
220618
360408
210652
159133
273258
119397
132995
388816
382919
14297
214222
155111
266185
106062
216831
57852
98529
285626
8656
19793
231406
26866
295823
38423
385761
32771
101574
264784
30461
390687
384237
231280
227276
181806
115054
128578
113868
155576
126983
12693
61916
233524
89011
273366
139549
199843
106729
144422
120481
158165
283984
77101
202076
148140
375691
298433
40805
244589
297197
67077
99771
295631
200357
267129
259253
269920
11998
301280
112729
89284
188789
140703
5824
97144
247814
113433
252819
136282
381484
323584
270799
158868
108183
290775
289613
139836
342273
120797
318879
117800
280479
362636
77536
348884
322472
252818
152030
114251
278224
196889
244176
225743
294452
34737
300091
179312
194049
228833
135952
162607
297969
36478
250220
218639
377987
164741
138099
8405
31961
217854
391826
37825
57630
98360
388827
324660
64220
370038
163617
96238
142819
385485
274611
374376
124132
155139
258022
56316
112062
224072
27909
248980
50046
81272
155067
75532
136107
1231
97463
50948
391454
271768
337479
147232
371389
346440
249629
67154
155843
73100
281487
114753
310152
153934
350502
54797
336284
23533
159895
147793
335702
371065
266067
324150
42352
217244
184403
105836
30150
294831
121395
103370
295891
211787
308391
80698
390712
41230
160373
274284
185559
279279
121822
311582
16487
37147
34063
105954
44657
377447
97358
194997
288706
306983
56062
377210
307189
379781
280727
179648
39163
204901
304921
315417
303792
209341
179643
80315
218061
149436
44268
168320
246166
122783
224560
209499
85785
267562
261792
114396
262087
331841
319455
377907
211309
1329
86068
165582
317628
81502
322439
371688
238768
355533
336217
220379
43952
257886
189467
5002
89813
84228
167011
62458
351990
323382
61311
211506
308716
365541
156983
7180
264446
36172
279485
252217
278824
154475
323365
288290
389808
112252
388236
174811
217267
138986
288404
129753
64398
80336
374450
20099
287033
30237
220868
332763
350598
246442
51587
16961
88008
141009
27420
1060
344825
330390
183497
270671
24134
354656
264321
18819
159141
384933
44925
310903
176065
376817
171348
93079
147000
294192
120920
92793
298677
62866
360734
247959
254221
161451
100630
104240
188549
250866
193343
121795
330851
232363
93074
212746
248692
252302
356849
57131
240975
154276
111870
50715
1244
192025
58728
330947
57267
17040
222572
107545
117927
247902
338868
370983
306742
221586
190705
346864
265857
163754
55831
294196
391634
50802
206705
363920
7099
306655
8302
46914
53949
24830
83957
286909
356938
110147
146569
144855
322159
377785
131789
198969
294779
343849
154879
276313
351241
248079
362263
88494
114041
293610
43737
215002
303511
300585
154064
100452
253471
384758
11731
129537
111425
360298
237410
236428
130824
347325
351430
351842
258932
50032
48140
202177
195140
259059
292428
242876
180848
49254
49843
345858
349212
202118
326903
84294
61249
113221
310390
236283
36938
102391
81132
162368
385116
172929
378329
27864
350300
179030
222117
380622
40989
218787
25592
367869
291788
212168
298984
110598
176301
36932
333544
307456
30496
249542
313032
90966
330038
72416
327922
47794
263067
161050
45162
366454
323692
242581
389082
21987
8588
252827
98248
246401
234818
81302
300643
169742
328827
140572
213450
322986
173299
215532
21121
71178
163095
42422
321305
136865
284104
306794
106069
236971
193686
196528
322615
76871
349825
354187
58419
199164
175903
46124
380646
220492
293378
128159
238465
142191
216769
74986
258198
387345
234793
360576
205265
33539
287954
106972
165239
318788
79413
309263
119646
211739
285614
203236
268503
44861
132131
361476
122488
21505
239749
152847
270774
192035
121400
330196
214974
79324
99829
307935
281978
49800
79634
267716
105391
142341
378389
182491
23840
231350
313731
209707
295033
245446
86935
185859
34406
121721
67347
328132
273296
288414
312101
177205
373763
4504
301932
360047
277038
112368
238135
160316
282973
39274
246414
123077
229954
201510
170626
157284
212145
326471
278881
143692
254611
312499
64551
31092
357568
75514
249327
46674
201921
222216
95388
376115
183564
300938
291871
88608
349315
282358
240270
36562
209559
66400
197219
28036
287530
300401
124162
