62082
240182
35586
16018
251277
351718
368154
248732
382177
11516
269729
353297
366691
210578
176428
94655
97365
164552
278869
143881
172395
190611
241745
117498
241717
209357
295221
252932
297676
60746
9117
159427
337995
276451
265095
269154
134586
373404
184360
136466
345267
197430
103235
311573
367846
325943
379806
199949
303228
119015
175816
11429
12909
307198
158545
312375
124296
292896
86294
54955
315347
203427
149834
120166
187585
95921
380653
17457
287544
98929
176652
332794
281267
363092
279030
363764
135737
89429
369051
277187
179173
105621
209115
77814
84644
244672
122002
368208
101393
13315
108209
70261
66344
315003
335804
139464
373326
170750
184470
88601
190280
30084
176363
305334
6621
253753
712
143929
139117
289971
221531
33362
28510
115391
7224
296021
236887
236004
177567
62813
329544
151772
3853
281345
299628
148904
324951
229283
180911
192454
297852
121762
307714
266475
229030
391047
174664
328779
389446
336256
282947
237151
338928
373457
133640
244971
331124
246319
101415
48720
66830
196910
89660
166675
83597
389198
326946
324260
281669
288302
340465
320361
89096
147839
47065
70888
174174
257860
199223
148905
52283
244846
133351
196824
330015
376788
288709
294750
257727
283017
36240
338002
96158
302972
43584
266917
18020
99766
139830
384851
111236
155427
304383
75600
185212
24466
13527
156002
33849
293245
181346
45892
202409
236457
213720
79890
213955
36301
333148
383431
92183
228193
244110
101948
331263
270341
154697
70791
106714
356677
110695
263616
346504
9315
80661
202990
348662
65810
50630
315210
133678
27526
59895
105922
284411
88896
105837
211262
103834
307458
312597
26968
93855
319035
196771
56894
81646
9795
365376
20621
185571
79974
191737
128610
300913
75925
76249
196650
273603
307622
138248
110096
380416
316054
294044
295324
103862
45451
145407
302927
49703
2806
15940
270807
216866
72298
147332
126345
280412
334255
42454
295890
43902
140833
191927
189121
73613
362562
382252
24216
360104
369624
48186
288560
138984
86699
265203
150033
52472
81536
135051
67971
317127
305214
356876
104954
249485
283267
259227
301978
309674
181703
234795
90431
333670
91196
206022
260312
301297
387082
171574
110643
268191
388265
217095
312617
301225
118508
37674
39975
295739
24155
280003
378963
341530
350555
316771
127147
74285
84329
69377
106998
369895
365212
152968
158096
29318
327892
154762
118504
120970
207517
299893
86421
33911
37752
149961
87277
152046
737
41837
264151
350635
1578
33196
245368
37015
165300
209315
67740
179478
159932
265178
248000
183662
214019
20516
104807
159466
59101
225588
357056
58998
279479
151259
319991
64419
258755
74402
206730
369011
209334
225408
110952
37246
2876
115622
214663
317910
372290
253645
238990
167847
364080
1188
85364
40357
200248
368904
216303
40744
197093
172384
328554
158777
148688
51010
367636
186247
149159
108703
313736
169610
139260
255639
93603
285264
97597
189580
147618
171833
328535
95176
56157
327079
387621
64504
112633
304768
388782
203077
26751
308185
206070
303349
42598
195582
32221
204011
93672
289273
100649
283617
48525
123000
340805
171230
349286
123463
7835
355197
378098
218213
279395
380272
226088
168502
167605
59692
285845
221950
220428
120527
164042
363871
321069
92812
317737
350765
176676
176746
338963
17302
201770
281099
359245
331681
303902
292764
287588
178319
63787
119967
244867
69232
98730
310116
112136
190793
206537
330018
52382
208733
59258
217331
258519
288407
8303
273631
151593
224279
162655
200302
370690
59940
36257
196586
313162
211978
229102
135958
50583
338581
258291
86988
187367
134475
59843
95223
387556
18469
35861
328215
192662
296475
365896
258780
91423
22400
93667
188141
374912
278185
13051
333556
81838
212503
257113
388811
328702
40290
59358
297294
128243
352363
229952
378361
255420
36714
15387
87049
15411
264017
320792
247297
1846
279180
383827
313570
390138
270355
120933
188361
244839
43469
63713
311192
138282
386834
271283
47890
146988
43001
323416
22080
296851
382743
345444
59619
167474
39210
352928
316954
4562
255067
386694
255650
209916
63592
373733
30781
279944
165467
274488
258123
360691
358278
255013
86370
261060
353570
165135
172144
35003
132339
321117
110899
165210
67134
252968
320407
178748
312132
218803
159148
183996
91023
126999
237389
189192
310916
172913
71535
74155
32401
208724
377258
82522
187554
340290
365644
194295
86209
138378
10230
46456
344215
162989
144656
261788
71242
380967
268433
348381
246311
54716
221061
358850
374080
156154
283774
104158
19526
161992
153802
49685
133641
310316
23363
3793
297492
166910
167889
70984
339424
101943
326324
334046
206679
64686
363739
14314
163748
353507
275503
116243
252448
218546
350733
309888
214452
261517
41140
266057
212588
248909
266711
240777
119097
353225
247265
238719
218222
127242
91091
375413
76488
256562
278868
175397
151913
212923
331323
152056
91128
363033
216477
301405
34594
51425
155583
68052
300245
362138
119184
272098
94956
132739
146824
153448
371309
66441
186555
233498
190344
191605
25153
294537
309140
18010
16805
249543
287643
18053
266823
242928
161980
318820
316133
187984
67370
167355
193286
380101
376234
326510
103498
280905
4747
5055
136299
228033
389532
290722
50135
164188
339994
78813
217885
175825
362178
387683
148067
30481
338776
81510
221836
195171
200008
40466
264944
23733
188479
338998
358231
43718
307005
379321
145658
279505
307140
212595
41755
24606
88571
10612
38124
139538
279157
80651
193018
280981
226430
5511
211281
387234
385331
378673
325412
268653
131922
154307
308116
324650
263335
88627
95959
212295
133615
79943
83977
257910
178343
33929
209944
83779
324022
207278
193931
56930
135078
287974
335800
60801
102881
195987
204243
35679
102176
266100
204377
194292
166216
378434
32063
13673
5717
336384
173559
245500
231753
5807
46601
108096
51591
98150
113724
221967
21965
133532
53633
259772
16760
187340
86284
220459
350518
171920
207499
32177
160233
291035
216635
232542
297030
250989
130618
383481
227059
99404
146326
185995
285091
148377
34685
34756
323161
262673
223978
368938
121832
314464
45430
201833
359780
227982
236182
45789
187216
27144
297746
247655
316611
329459
294029
65021
194011
307474
209410
63846
195756
312120
138229
194404
72693
257382
117581
286015
246710
191141
322198
136591
217084
233478
9629
143408
323283
40160
311032
177685
143776
72609
291428
48807
245263
289329
256014
149053
25806
105979
44921
257608
172376
73078
9200
329522
101679
282656
242757
123071
258134
114542
33351
207563
129447
265179
226634
278131
75888
349967
279815
68957
389895
228384
325401
212100
286813
41925
248643
324816
37577
91121
336120
88369
125274
222706
221423
290014
302088
265893
327627
360392
181208
146852
159700
188171
220649
334749
256080
82926
69184
140926
30375
251062
170616
277730
279269
129195
357945
14097
259275
284567
273586
266298
127781
277649
45715
387469
331426
290550
325209
23050
253188
19812
275062
190386
231387
74619
291793
203743
22395
144541
27305
229329
144363
162086
249075
356071
35315
201404
62653
34895
110501
299816
195972
268158
225724
313715
387384
124696
244999
222666
191083
193571
202789
376300
192680
389728
309194
49322
245715
91809
84731
75809
250530
383531
175103
34495
220652
289000
186742
263561
118146
286867
292064
299833
91273
209224
239198
123542
352053
305028
74465
113483
381048
47343
258596
144120
113269
80378
374118
135307
385878
93517
208583
316938
91335
25383
124732
251414
196186
249657
116280
222114
389249
156755
243436
147482
303482
345246
262489
180550
10759
281130
360374
153996
10785
307585
108764
91624
140044
306063
179091
129329
92213
241899
19503
223369
366106
9890
217902
106947
203708
124889
117233
342566
91554
57850
245172
361232
267181
328338
280074
144514
270912
127533
43686
167343
152879
120848
250319
144072
217350
340836
120964
8644
314811
193830
225699
2674
45799
389287
212784
322812
11520
387629
6311
113825
318769
20456
4505
326264
380237
357
324722
294260
365916
14916
314358
176481
192974
294827
350922
196867
349408
290172
281194
59086
110201
25013
194548
367838
203072
56415
80040
163841
80399
329638
28856
195707
180480
353322
78549
7293
183696
16912
345186
285240
322081
205827
246303
209019
345291
81008
99308
21038
383440
160258
27099
249400
113104
92491
337162
226564
320996
138115
135163
325153
275318
249964
184564
373105
227749
324903
180217
256026
134503
377038
156265
95232
303408
345001
284334
86692
390780
288234
117815
157907
234769
38977
182078
295250
306692
301838
259219
45695
86223
151557
103247
309649
131459
359184
330992
123226
17581
121311
259189
259957
197246
249199
287910
288071
112440
150074
13397
193433
215553
79601
327806
327179
269458
54122
209679
194859
64863
136651
240755
27008
332182
109972
331785
132475
263982
141735
128627
78595
356614
69054
62105
259796
378834
77502
133419
148559
296907
301747
373280
223341
311851
150864
110294
315116
310949
312962
336248
87291
107013
51063
52788
291553
192039
368387
164083
97505
227895
389468
349059
263940
275416
218529
78687
373511
381294
164477
323917
165402
286403
328604
158804
281845
363241
327406
260582
250505
338154
326636
299454
26271
178016
165098
175461
69088
53211
12793
211600
306274
280822
240072
204067
221422
348338
292460
341269
225538
7043
147350
326328
310153
155641
267515
324090
19749
22745
302506
83869
38532
142539
8845
96837
36059
117894
320371
355764
62647
381282
301117
349677
60731
206196
225334
199547
267131
219190
54876
249024
151004
44915
294442
27377
130493
225933
155630
270509
321917
386036
374200
389920
221697
73009
97088
327772
342165
331558
12573
222519
206380
360509
352706
209431
202907
242770
285198
12403
166240
42771
206081
183629
11968
329936
45529
7240
72933
218400
38849
234050
170871
131195
28158
105425
143989
221567
66357
211040
261933
273247
132057
33499
33041
319066
186377
331210
95310
25096
210457
35734
36485
35139
86990
29345
175958
48765
78179
316227
156650
31962
333099
157571
7327
113357
148090
349674
239446
85422
185307
31395
91739
136907
59162
377613
6557
379162
153395
227855
366790
271849
129968
233431
382492
235253
294368
329451
244544
178322
30755
215189
170234
295930
104052
359198
66446
172502
151456
133993
334145
327039
77869
369855
20162
89857
74761
119423
310943
139183
378471
264108
256955
235993
166381
111580
325881
318657
5117
173780
5069
135913
87489
60980
14857
262849
249900
257069
75288
125063
291409
313404
279414
352567
353480
70708
300749
245705
211108
64021
185743
65317
269838
172332
344955
38085
107940
276919
200075
36605
383445
168501
144694
133011
24680
32152
152226
115090
100107
16561
296545
385557
211428
72751
289770
191432
169050
329978
210830
356755
347458
387955
238207
366744
147111
76863
96617
339082
253136
219026
46873
158307
255057
256299
249348
90232
351284
20739
291606
195838
336504
303756
128343
373057
111680
311498
67662
103327
219340
222262
173198
121493
254877
309477
355118
24575
290643
362247
70886
91400
258501
191877
4598
346296
200559
183223
50294
384874
228993
334629
205801
383635
157584
260664
303221
135650
238398
255077
180072
167724
276043
381486
293639
129740
141024
198809
339939
378972
375977
248873
240263
300311
308596
316510
138669
256430
353100
130057
88927
195475
76674
367177
39315
110349
368199
53885
55970
203820
178052
51816
251983
104769
137989
44807
365996
112090
8659
32328
143787
232524
113194
102946
290607
154033
374984
259124
165876
119731
84881
333690
304737
268759
13004
88693
3154
131692
153846
119496
76041
376047
131227
178072
175344
78910
377284
32483
340772
318500
237587
336586
171569
123693
96590
138676
14249
57457
168381
171685
6121
305727
12255
174192
181273
48913
125306
221098
346376
144126
21274
51307
129286
355700
17032
146815
193112
258860
152059
314033
205116
66594
257437
249446
45326
78114
294160
385160
285713
184818
113410
383876
115743
360119
48236
102012
236944
350537
117370
316041
208877
175152
99456
141078
135371
331816
7281
149317
338290
94539
135506
247896
78374
574
70602
211503
336147
367208
184251
490
110797
1328
5789
368841
271709
99670
165804
95309
74447
106213
169542
265691
187286
60405
294883
269826
272583
129564
15477
360114
362999
159422
205563
65387
172612
283564
278268
32206
228894
15236
231421
297484
160521
92429
8599
296110
146278
151929
39636
175059
252256
237235
181925
243656
3282
263503
379873
216388
197007
132651
284565
275869
14912
335935
216569
152087
166712
123508
321556
39192
137196
77754
366281
215742
203216
251083
193665
14510
22845
237040
307725
240286
162254
35274
234527
160793
356177
270641
342982
14383
28103
74108
113090
335366
260585
10043
216492
328615
352479
304263
178488
199478
327157
191187
290931
336411
46907
293094
70060
327315
30187
344567
244029
37081
338530
113353
197046
39918
276933
328938
95789
86135
135407
86100
70576
121465
272350
80930
327286
29667
315506
65513
324651
338
279515
88467
165480
95240
333979
288296
167744
16229
376878
265700
7565
254964
121136
287298
65394
78793
357865
81183
90581
253698
12192
69234
346478
365709
341333
307797
24368
207384
64719
174344
5975
97501
66833
304789
94596
220963
356702
202343
37622
386230
176659
294438
43670
94018
227490
92625
330368
334157
60315
65263
123792
185650
285014
61186
244554
246989
71882
70777
141074
367165
305364
283579
277826
31344
195104
88189
277505
26911
232079
245936
91299
94002
204837
186101
125639
268037
234816
9746
53212
168538
306797
225050
204434
335197
249563
277924
295186
91014
290700
20420
224834
38312
5477
255227
363070
69026
23280
100106
29447
100271
301378
153768
26226
202836
369333
356638
44239
89287
380733
18864
45616
62755
139256
254920
209640
28476
109838
279894
360124
269635
68778
5862
342277
337860
165995
299083
192727
280636
162156
317754
134874
306889
284759
312583
324552
51065
228190
182930
150850
296270
165638
365426
91253
226704
112730
375337
82172
371302
138851
102581
129642
64452
24461
169837
294375
117013
362175
131731
254511
159928
80876
138567
384940
379697
30938
209762
363337
95067
43292
59186
286922
362632
306309
13970
28472
141782
11828
281768
291110
165698
284794
127485
172462
161357
263194
199881
270497
132996
19810
35113
156842
112704
312875
297305
270173
161224
135813
305387
361027
341984
348251
192361
13746
213923
98156
312084
320145
119762
73776
335585
206188
21206
301074
147959
343860
359102
304899
334047
10526
51243
283374
384641
319903
265741
120846
173272
133969
93908
125927
370349
70773
331409
259954
306761
10225
273531
184056
380912
193429
361927
272685
257655
181878
233352
337126
71256
81285
90721
390139
150317
286896
228567
14762
90320
265249
66598
275407
344479
250537
102233
370943
235324
201415
353744
196260
277341
197826
179188
55691
340567
289656
223373
193605
177772
138601
109135
389475
32780
190860
216369
31613
199128
326229
46050
361218
30102
42759
214747
233294
160971
162306
186347
221525
216385
294180
177755
188259
368394
30924
360833
255370
362567
67239
147519
194652
323971
167679
20603
122291
89592
250745
286843
198867
132332
215413
216396
388843
228563
369504
46482
31164
222359
354262
362251
304453
348234
672
225645
82696
115571
37312
174298
311375
22594
74631
291235
335789
375344
44795
106786
9921
201102
75065
328645
213216
64975
344363
103528
70466
33338
253208
351750
179247
7504
25337
286163
191399
386554
202474
142946
23535
94508
153797
217644
123970
98064
230147
144197
4620
87370
215353
391891
87620
200942
377914
224394
279210
259649
251206
342363
246263
343069
37230
1011
33302
299372
6392
288758
278133
102003
204832
103479
358433
195323
44028
312638
81874
322710
116687
360662
198875
96261
348552
356429
244893
88679
48164
137480
185955
82991
296613
214221
349208
300140
74052
147181
110473
190656
219660
21517
126144
44571
101054
157751
387989
356597
316481
116096
272240
311449
284193
155375
94927
316599
241257
372166
154204
272979
350121
312564
207367
199197
63657
311593
238514
172961
26803
139090
296946
65933
83122
236340
202097
21228
307657
197495
130669
280726
209985
154942
278389
79661
319475
99309
346662
280336
209045
230679
69818
255980
27476
20709
316242
202221
290632
227168
48928
379181
365282
207017
37650
25038
210328
170117
160889
129988
13807
62837
23579
117946
30906
261936
12212
337301
145884
144426
194846
70783
334043
40640
334754
26279
113625
92038
387771
66263
27364
38718
361435
59270
189502
291246
17033
172252
237778
172553
106369
339698
277636
224606
268672
237766
126232
40812
126648
238373
1906
356340
205511
334855
178593
2166
136403
10276
81377
375265
352756
328147
596
132218
92493
193671
246290
11222
14747
277481
105542
110103
23704
129523
256068
46989
282811
76731
113550
214701
128653
157807
107887
380577
82337
349389
94382
205335
246943
81545
1339
107844
245551
152579
204232
201659
262386
357510
149582
109607
291948
303577
255102
300724
258383
326875
222657
178643
20672
390462
387059
383948
296333
349748
325688
361107
148635
381988
272249
346862
58442
353283
392039
268274
813
161236
258687
209066
297875
43032
389114
130678
390676
169028
109506
213092
328029
49638
169305
252639
73148
117235
335770
209068
111996
67866
206671
281552
232948
105083
380198
77317
327200
5978
94340
266265
79880
147988
364197
202384
326723
4137
358824
212573
265017
183651
81476
68330
136277
49121
334449
157531
258358
72259
94760
15969
193799
117644
306524
185288
252719
98752
178517
61193
328765
170675
147544
217471
146550
17700
241071
64460
326626
158783
75663
343595
254223
208432
146261
294470
22754
295422
63399
116473
347527
164503
228471
96190
62799
109971
57947
190208
167357
118134
25289
352212
112349
253147
222847
240591
371703
335759
135727
143167
91914
148963
363560
33768
133381
142615
5190
128928
107365
129760
143422
257565
355616
377759
158822
276735
378132
33684
331720
128581
319652
129454
66550
364728
64090
308237
293680
391119
65521
235675
161378
223519
260047
92093
234093
170020
341223
205178
300405
208640
344758
158817
277629
236470
21893
188475
186793
264723
222962
62924
152433
308624
266626
326161
359742
325883
185749
239361
296371
88643
253620
176162
218885
276209
238054
382781
47550
16270
32084
20658
26348
117737
58212
202391
70896
279790
168553
151969
177116
315115
295696
388717
290391
75440
75445
170703
230406
23769
116447
79245
219033
120962
283426
377871
93046
80590
372121
315353
350397
53233
331047
382630
214534
88584
266797
76448
344836
105300
344859
302037
310347
193568
52001
253406
238532
89920
131546
157611
78257
310335
80067
107847
335801
152385
191831
344118
112116
354170
56306
144930
130933
296487
158048
329808
97531
58270
133490
52493
179594
369569
222016
156739
42687
333633
362146
217905
250731
160047
225243
203895
336697
392281
12162
381734
354827
226793
226335
149153
269746
267800
278518
144529
350941
35845
120634
178080
36434
300391
53319
45875
192294
107912
84068
205212
256620
288434
9897
191792
164021
79708
213893
306914
209784
176895
270610
153194
301713
102839
4287
23991
50432
213185
348619
113148
339717
26565
117715
324432
195118
220026
87182
256738
17216
287266
377172
29464
128291
20864
94947
194025
107927
306182
364614
37157
196967
350304
28029
336505
298815
244642
17745
88148
292595
235288
128755
327308
80969
112809
27228
159590
139917
168161
84286
49962
62597
152460
229725
274312
154557
349532
8801
320880
144613
61102
178435
175144
304805
321531
153669
80942
7282
178205
91603
82595
336110
136867
58068
108614
161583
389322
96179
21657
141972
125596
189745
245619
308057
374375
45290
326237
370762
70543
24471
270148
138694
373922
94916
217217
140785
24831
269095
277698
50140
382345
116841
37523
180747
331101
154137
250190
146505
225754
104243
369955
252509
227709
186469
335776
75828
160866
370171
218084
104454
390878
174633
131653
261885
244469
55014
56185
73854
172255
321811
301414
62280
228765
371597
132581
274671
83435
286577
285079
179076
340216
148257
311520
87036
230227
215463
288708
32289
11357
235118
199003
52179
104908
369384
55459
302879
243607
299332
332993
294576
68174
384966
153186
163254
190579
238379
121194
232742
366608
10079
109931
359914
74160
94255
136333
248712
267082
37861
105923
134337
186783
95625
285486
56515
353177
77607
190296
250737
28401
157385
47528
52488
101762
116261
377661
106035
356676
328316
318164
227952
100340
169531
75558
270561
165328
195294
76896
249398
186790
1574
13795
276029
180908
8901
309067
343477
153484
8009
334725
52799
39551
309177
378895
118248
323603
34372
318136
276723
26229
221461
319193
269355
161986
267787
375398
311649
375897
250633
360761
20670
333905
210077
107555
118414
13374
213337
276518
45135
289953
108631
242697
85886
224050
293726
199894
309080
194086
206038
373995
262312
174621
20984
210773
207430
34808
161134
355702
152408
295261
318460
30058
382768
367707
70612
379232
130602
34779
384350
305485
256643
8583
32555
139143
392255
338716
177000
69829
379590
111422
307472
233988
117832
47864
357190
72147
271589
107362
14771
53139
206242
190217
61374
46328
8926
68359
300715
336706
18519
192975
247662
313390
68678
242774
202828
216496
54438
193200
59528
42128
77057
266099
311159
3245
376191
23033
39271
37444
332575
158905
203048
106092
311015
223163
89068
191723
1512
207842
235002
223752
204319
138936
254926
253638
207363
211088
383543
297517
311042
117480
260099
163301
189468
43620
32489
389792
296310
2787
317627
137579
46289
358916
362676
65320
230356
200707
167473
34357
292359
222874
79155
176512
4782
97546
177426
12054
162859
287113
48778
100065
366080
87281
88270
210448
354464
5877
29791
341845
20610
7661
81546
129998
178982
13324
170714
236741
16312
207696
15780
242759
86197
321392
23308
89546
324546
146276
78603
12196
255294
78869
45629
61763
367823
148690
79883
173624
162181
289027
247215
250354
111852
208525
219084
201538
363657
97050
1098
331812
11912
376719
139984
374774
21725
386848
195497
169316
117415
250993
49736
19573
244757
188641
132398
57412
282810
74509
362682
287559
325428
391686
163756
204807
339404
134714
112435
26737
99375
9003
124263
238954
35086
341399
159277
67630
132649
34035
145701
168119
198258
161346
198973
94261
110401
64731
45862
255899
330156
208660
383868
98195
86289
214939
199752
291521
289873
65343
106247
122948
237707
274742
175324
135482
381638
282074
363255
215655
129383
210704
123227
310270
278022
150836
275599
307430
302658
31989
154875
238972
251119
195115
150109
228674
99329
354331
314718
148204
66543
386938
378282
343869
45586
170525
364875
348850
194434
263418
190972
152418
291580
369418
136393
198782
299573
357382
249517
105914
201390
62635
356321
366931
54548
347242
349518
118949
142455
220115
94243
52373
51844
126308
261500
290496
164012
25692
162193
226090
273127
363238
221921
116950
254824
70151
108513
205532
71075
252092
61260
84602
237084
147025
214801
329246
243644
281114
202841
336515
120390
215157
9126
375181
216275
226820
8321
348135
17853
120897
252150
383150
208657
17563
300598
8760
103246
365116
265887
237186
244128
196426
119129
385963
313555
74106
223847
45680
11484
87250
1472
165470
338099
40492
383802
174622
321747
380767
220397
27930
232255
371170
259266
48967
338520
154793
385748
238823
39412
251361
200091
327277
256905
270685
109286
319221
39973
177403
104268
232947
363458
23747
39041
69202
168619
381799
260214
4076
240756
101345
196535
38995
209636
65015
23217
330599
184965
382826
229460
143373
200900
197645
47898
325933
52978
100241
140937
216873
349916
62660
185478
197658
175785
206904
102951
123084
70280
151586
179738
290623
144323
206636
278432
384262
36503
141287
259620
107640
134087
375565
180646
271159
259640
381679
178868
346111
380348
126006
308424
123992
389952
267829
59444
384175
283798
79123
46065
218030
208221
112
302928
157155
175289
1562
79391
370232
81782
389763
375931
218451
127003
195874
357167
204382
41058
109841
62990
238500
215689
205071
255332
12163
8257
214211
267752
223089
89412
31764
315795
14294
65594
371376
113394
75333
25378
151785
74834
53953
244821
225737
324593
216135
136654
82495
141886
183533
383293
346714
124799
276726
235189
199785
154708
152586
391925
260342
129017
327404
276535
38236
150311
176141
179852
137529
199605
164015
78397
260746
317335
298544
52250
11110
203710
72037
40508
316405
16956
131346
129548
47584
34395
192048
283482
257793
293427
339712
39839
156600
52758
130897
41206
116865
163787
173253
388281
7408
170710
347171
145406
103366
62192
80411
108134
89588
182334
47590
381699
240554
292787
47689
129186
61065
354837
267111
299388
4240
304006
4068
277993
76343
381645
322150
92455
144844
334557
196735
69863
91236
193784
239230
179313
180994
162048
52560
352552
236963
321478
382069
256317
293390
322695
50655
8547
322910
21065
80797
368814
377689
264812
215568
238798
233375
184730
353752
71775
334306
76142
105254
284082
245745
112148
122251
7992
224500
149409
57676
181440
169949
88007
20210
81523
53039
152091
182580
220539
255362
225782
150967
155544
389417
196985
15227
26190
65176
269641
182922
109748
112636
303114
192845
16759
335446
308674
26725
171351
196645
119136
105964
95194
179920
293145
283433
38777
227820
370547
334943
223136
9669
198487
66279
244891
169089
353232
141480
91714
87222
215921
99755
44521
198266
334267
270042
346098
84972
315031
75480
309735
26201
22908
367528
314697
360423
165479
23157
366337
41733
26861
164916
76118
215140
20991
340957
132353
199036
125978
195507
135270
38737
109585
223426
383005
298156
312465
113325
2445
280114
160010
340810
357848
238004
132727
170818
172398
148718
225744
148735
324141
377481
341159
387307
300325
120069
338062
317017
238595
380607
368407
283421
88483
30325
101326
125370
258915
388617
204503
337038
201453
384618
66447
119339
392345
150023
17740
391965
120430
357710
114811
265071
313741
276286
67376
43703
195903
254688
41295
356264
97770
332615
333368
331085
25131
383204
107199
193440
321473
273100
142029
16013
209698
274133
82134
49616
348320
365304
157383
33326
261379
373752
304259
193906
30447
62680
106717
59457
249703
347327
39118
283442
46243
123905
53900
42141
12130
258270
46013
276552
324276
234513
121950
207251
159791
293641
24318
15594
158487
175668
183697
158036
25088
139287
281906
66546
358106
162347
384955
234760
335394
275729
175655
329567
297431
55364
342373
313407
159189
296417
387154
96740
125563
328955
241281
301389
206387
168159
152659
157469
90556
367746
192481
105065
143580
50514
149592
325852
358961
257624
329825
311782
376012
265015
253983
170356
262095
324706
169578
137717
139473
248413
86356
139642
345575
364240
59792
235992
106743
197947
104096
106049
356759
309750
230252
189585
187840
112484
322085
7775
286618
159994
76320
108749
195235
199781
66118
40125
333808
82311
144739
335428
134530
131132
177279
281356
324987
17652
255814
228616
335864
21731
238727
106688
328401
155969
181884
66000
150193
373465
104804
82498
231840
55601
89364
162062
94711
298978
51858
323496
51961
82402
184750
85246
134438
247399
247840
42261
89285
84183
112962
15380
291251
347831
186718
4625
346045
87059
133174
324394
323212
65406
387649
279908
361224
289002
300360
326455
169918
304904
30173
302858
126460
83555
191334
45766
129729
271682
122264
137610
132123
238391
252219
33405
282998
157997
35054
367596
70342
31264
356408
65326
349247
184075
81579
224770
108317
122345
6400
358632
27643
90731
25624
310245
61338
57008
100709
243247
125857
76873
343067
235069
199928
220260
58722
174901
32027
359725
346402
45549
236726
246809
267373
26732
69445
376765
264038
91222
341981
207486
142743
162716
161759
35314
326730
371187
245717
114241
260201
315897
323263
149450
248155
43987
99481
262699
203529
195070
345969
279866
69007
263241
325830
57896
165032
241241
22856
77903
56921
75056
356707
171930
176495
243047
261285
264001
308147
331193
53230
208449
65508
213194
357761
210842
300649
112709
201054
291162
124785
378418
341535
91915
226648
165041
378828
338752
180652
224304
298661
202557
3244
255838
321067
273250
120081
185248
304190
152150
79954
23930
168606
70246
270946
111190
65183
30108
163946
137225
15616
76098
49540
49097
278346
150730
74746
362325
125775
339044
363701
146964
315008
242773
194411
65825
60658
360673
242537
201937
66199
136253
244781
357566
291727
95906
46489
193327
1721
148694
65689
98405
366055
169587
226427
351340
62798
280445
388799
85723
220276
337317
231666
294737
259604
278452
271252
13076
172819
211393
139149
138146
362751
251681
170368
213301
174125
267036
331781
13767
14581
363796
374597
2450
188472
53604
372874
74886
390889
109809
176387
18067
256867
343968
95063
174476
28030
81985
85857
202257
38715
348794
308347
294436
138082
379422
256129
340862
144927
169431
46925
166235
106966
113699
231383
67085
320120
107043
371582
358155
138655
213687
353495
147444
189705
96309
189667
201450
313116
4611
100980
86567
319546
302768
166211
371071
88432
193742
129596
54916
73988
212706
129612
146960
203921
32043
53933
27541
302787
357369
332666
198210
23937
154609
13398
315113
140452
342279
347501
385872
307260
46278
289372
333065
23076
186568
370389
168789
323831
98565
164871
204515
66800
282231
252526
293377
6543
90444
196656
287819
220666
36087
247116
221407
18804
279178
156128
226404
81481
383972
354271
308281
137145
120522
30223
260812
278721
172200
272189
387041
220957
185782
364784
322505
75657
63545
228718
76081
196621
127478
279326
305206
152338
262488
247713
244956
191543
157866
335578
274399
161041
101650
12487
45813
238003
83847
332573
258056
292020
375482
208610
200771
138624
258628
277748
41064
115930
219810
260945
388536
160834
382720
367668
53770
135411
277020
274115
233483
99297
260471
94668
212094
224032
37776
11050
316673
29827
315616
380156
93190
219528
29680
40914
285730
27452
382340
43453
45102
53507
281026
6497
247467
208916
242698
296676
120325
311149
315482
71357
25782
292883
194509
85572
370118
171703
228821
29211
205932
238016
115115
213690
222347
187026
178715
127625
8580
196520
357485
52563
61496
221372
15132
189248
131335
51938
254664
303254
363879
49402
186864
174596
72213
91254
255607
117041
111636
278741
137322
98863
98739
137741
231217
342366
28300
114415
164081
121368
309672
110887
91440
234205
199523
127323
85599
266501
165070
92110
166560
344185
106290
306652
306981
272001
370149
25642
277377
213759
116179
58225
174824
371194
287326
109056
266210
225583
24081
262156
250429
272559
201654
289564
207467
247736
155436
287932
16068
246119
375313
37187
347029
33446
278457
102194
56865
335250
121713
271505
67690
277520
20419
40619
244806
190183
380464
320943
25815
321641
149222
220263
217166
185379
375209
10489
143069
167302
217057
295077
253784
64268
24243
322614
68855
259444
70736
76859
202944
368529
115779
269553
64583
54085
160185
154527
294140
226062
314871
44613
330418
79101
255798
295738
226116
142518
370046
151745
92641
21421
222601
261681
229354
308068
208911
340974
291562
170184
199468
160690
281002
233718
270244
92784
339228
89020
338044
61727
33144
38979
71527
334030
152738
139928
246011
349289
200119
128155
354835
180444
143966
283370
119605
381220
158144
389949
317966
168047
63198
294468
149533
321327
41694
132200
119403
49383
336002
184186
341834
107858
181094
79176
197832
201605
94164
186112
342255
173870
118443
56249
157550
117671
344693
59515
249062
173085
238404
309844
193137
334018
382624
45190
323768
41843
285766
154032
234931
93298
152383
213875
236462
261112
68184
325792
98076
297588
289798
95207
104004
293983
51253
365045
118610
224327
153472
249566
19743
315900
391129
345038
251299
112228
258529
288588
85823
130459
26084
15413
166367
286269
161115
318079
200157
98793
280784
116968
29662
243855
137266
207990
57117
180314
384274
5132
192435
278402
56958
239356
49087
106240
179691
88404
217512
349128
228753
84187
157767
165202
176201
5586
169546
191796
240708
144300
347873
235707
157926
288309
28351
201636
16319
312156
385063
169739
320028
362027
109183
55692
339977
374692
31149
94552
165330
39269
219593
223846
29857
91032
101243
230834
296038
360185
246705
2476
152280
258670
366384
1901
60006
302424
312469
109061
100196
151094
248878
203178
291607
217391
180559
165599
32730
384416
13145
42127
209091
367968
88772
233818
67820
311738
89126
130386
84540
300136
58412
148573
178284
266896
52849
273736
36667
266874
169268
18676
300909
42419
100476
379565
192584
60700
284264
327974
13193
383463
386397
42458
19731
325208
160454
258574
146695
362447
197899
32294
64031
103271
92766
77712
186760
1969
322274
223679
347735
387634
251202
70875
301326
42056
319808
87383
209617
294708
258516
160939
230206
323507
272143
211910
274122
158972
241188
270434
383725
18345
351720
121108
351419
232345
292227
379078
165900
249451
208053
165408
332347
117887
244972
36353
299124
205200
311069
299334
75152
14271
312944
157473
86181
234341
17047
216306
104435
140002
284786
117174
333924
330162
59238
132373
276248
349337
204695
187779
263839
240346
79449
310041
338525
249496
278786
73385
12959
380158
340938
139573
173035
148018
69656
99567
177972
187520
305943
126581
65486
257852
221637
164235
131871
293151
235956
191216
137206
208115
160283
236124
166297
36845
71060
129936
324778
348474
92610
118681
120222
326736
356571
39526
336421
197285
158528
224307
334469
345826
228628
179377
203901
345135
289044
370089
86004
311506
79876
149287
105561
62336
274652
157594
25887
191670
114118
251273
229214
252199
14272
180237
1033
109087
356991
96561
272048
99983
266786
143871
277672
348066
221604
101812
23698
257821
3516
63966
59047
94142
342992
379627
359972
254209
322798
253876
339239
237267
155163
145623
9387
321251
295693
18174
135286
50625
148201
336919
220862
131779
343918
382795
255920
294362
125522
52178
373656
352281
115404
6295
287952
118085
154817
202023
142894
46793
190722
169745
201984
270597
108826
294164
124
333803
194214
199849
231352
336372
259144
74416
103283
299393
166488
97
262103
23097
142913
308210
330161
283335
108532
300165
22748
200985
221049
327492
342745
257003
324612
167408
387513
61538
33414
10384
352375
194996
242933
328372
79083
371367
382138
58209
236950
137524
33115
107986
350808
197207
104445
93618
78379
70176
206190
191033
300977
248010
355352
80355
113721
93983
321142
313320
192539
292934
389147
158571
296237
142997
300841
113048
193145
16052
54034
98461
80019
37700
259614
249183
250568
47247
55694
251499
246668
318628
66353
246760
161666
105186
211460
223167
68053
58581
64628
211412
30802
305183
156864
20219
271848
264174
383314
297628
204502
343280
103487
334260
80223
15955
182375
388591
262258
388900
360214
299369
263865
126351
287859
215836
385962
12040
158087
289478
350173
89610
83407
89491
387032
328686
253225
311558
34531
289298
239910
125057
10957
223425
271650
353516
231413
154452
256869
225045
282208
275305
6231
2627
392464
175378
265066
79738
98058
121396
228085
28496
289440
208306
58999
25974
215506
356142
277579
167462
15613
135549
183143
371814
41193
326158
266960
327304
136853
62390
318610
209562
127431
263382
136020
116598
267864
37904
354142
65107
60352
1217
26876
266558
392334
298943
77099
340944
205989
302217
301945
144534
50517
167074
120857
69845
204048
344225
225116
150179
320953
284388
389966
85946
170460
249258
371596
325902
86963
166140
191966
56878
187613
213626
245157
273107
308088
44808
192325
12658
75998
110498
186643
210827
319438
170150
98732
196463
323597
282221
85040
2318
267657
302937
34391
389431
242541
155680
58867
206596
147933
294091
83254
275888
341724
132666
135119
250942
147017
160629
6093
182412
265920
35907
284632
122929
183075
76692
316128
39780
113951
297510
158193
59381
157789
49746
299201
85068
78479
203703
240894
244468
312703
363622
45411
17293
322715
6213
306128
291985
4684
281016
321033
89023
191677
344538
196003
258587
32818
266349
158479
389611
365755
237730
7394
55889
367857
146285
180267
83147
101560
96187
294792
122529
128982
173117
245535
81215
231616
134995
6741
205590
175019
316764
290221
306369
362457
181983
68770
137292
98085
291
201189
360669
119292
276574
151910
269254
270302
148664
132342
387607
24743
384680
243813
115384
313220
7046
319681
183165
219835
391715
94410
187385
102163
161485
173249
59587
222680
329963
68507
160784
11043
57218
384090
161771
356739
351070
247580
55048
131246
387718
141579
278884
297631
179057
363203
59532
388317
321110
345273
170233
164656
44704
91367
264867
207952
173590
301322
177364
75601
115228
280583
136646
209610
327002
190383
49213
232329
38264
232513
72270
87649
209959
125026
307434
10299
177365
386657
191884
55489
71072
187699
43612
129766
121243
233443
284585
224331
237237
81448
10884
129541
345113
148557
164344
35837
373766
116160
217718
11786
111006
24172
232683
107636
146204
287475
152908
348546
279204
30018
34421
128415
68985
148351
136851
61005
186653
63862
233622
13719
356515
152310
261730
358222
300166
70752
30898
366132
389523
72406
151727
155281
275287
337275
313087
261045
99735
292419
193071
113598
54357
201113
77264
355364
256843
139146
257469
275673
252577
339136
269497
229281
40498
37210
151246
380894
318948
47635
219494
356969
208079
335452
58932
222612
188073
289892
279856
229243
48239
162130
139176
32985
6934
308445
229440
246490
92786
114356
177155
377992
157569
380379
91537
190378
5025
211959
213807
267363
104841
205438
103245
341035
147416
96523
89402
332639
169212
335167
27990
241354
198561
166562
283647
2638
42847
8279
120757
275166
121000
311331
163330
317892
251996
299250
47003
248698
163082
147052
58624
149459
82238
92864
284009
128682
262297
312599
60553
350715
215479
46709
244137
171892
340872
179540
34265
179429
182340
73287
24909
332948
23826
165649
102150
299703
333931
52008
198887
152481
25807
338425
92402
99577
184156
253886
125822
237491
363465
19438
283150
144252
193602
290498
328291
262361
329415
376364
347877
78432
60802
37908
20752
109800
139633
361595
3232
210382
252357
260877
316591
274988
319224
233256
16207
306347
91449
253288
33538
188550
131077
217629
108099
176520
342280
14646
237655
50525
21897
306258
193199
340887
183051
189260
46280
42693
4443
15939
186635
226462
141462
340997
60878
114076
183881
53487
244404
248580
280926
203995
19530
244261
153031
146279
104142
161468
384295
210506
211186
160621
47854
37919
324626
71394
195969
318748
89467
251911
233520
218348
179139
38364
173778
232916
117472
26217
221071
349999
10757
328596
131213
371786
81666
256750
127309
170313
283106
43909
324356
156579
52591
81571
369127
279527
205058
107826
303921
282331
254069
93624
388356
99539
193408
251819
192812
84012
244833
174118
1720
376152
361873
8081
98002
44466
350014
175632
286078
9701
68147
284304
358295
126669
298451
310681
144674
362470
227572
51725
62670
240445
367212
141635
262024
251107
318350
324325
290105
2146
377784
269541
248320
364819
308382
26410
222924
197839
8487
290615
233857
384913
166306
119078
357754
219829
268268
322767
33243
72640
93135
38795
72039
222616
123363
203516
188711
282690
373861
228535
227842
391381
265965
233011
205376
72584
266366
60395
199603
228786
61803
167555
358283
243664
216119
127575
73787
85290
230989
326874
364735
198449
267809
745
230319
374330
289794
346601
224389
163537
203842
384763
155950
80111
247143
135090
128873
220316
344179
2817
367182
142112
234740
22975
100276
244993
269640
370453
90100
279889
73840
2515
16472
74086
84968
32274
207888
158337
366392
165619
337750
274699
311676
352571
269938
196386
289797
142788
172148
119352
258410
383273
313528
254871
351371
310079
196293
263538
359095
20867
38865
316668
329985
349823
364045
268143
87533
94318
99091
363288
46167
106726
202740
312140
20268
311555
248858
163217
269672
80002
368253
336315
381834
273189
103072
154508
155467
127356
106988
211381
78651
18667
272618
282566
329764
384256
139014
296374
271035
45258
258094
189985
91354
235791
375881
182926
94838
243637
9563
354226
93307
286653
228475
190700
284249
305255
365998
134101
250130
231273
176372
352819
309063
178807
131850
326369
234269
228138
338693
63490
59608
4050
284897
57560
239576
119645
321240
107764
23498
247253
171137
162680
199461
2963
256418
95298
135565
99148
285942
21328
158727
83499
310283
16544
7047
54432
174073
14419
120059
66448
323181
330717
305842
223458
78563
195966
251267
189738
385749
202765
270963
363557
306793
135319
262835
113975
165459
55870
248652
225874
148224
343242
354619
7595
359485
209213
310183
97131
297874
362686
245072
301236
205621
59648
48538
139399
111949
296519
218290
143071
328866
94057
27825
201025
384493
103822
261604
346693
68625
269305
117996
51866
353106
251351
343421
68473
99860
200633
21813
372638
153776
112917
8293
123764
3488
67585
388971
268726
164193
276330
161483
60250
124217
85759
19640
112064
219741
214374
82133
323513
386150
159347
343442
114437
106624
261322
54961
294381
300707
14647
133558
386779
206176
40064
246709
251968
390103
40912
14424
98862
313967
44190
339740
258695
154373
86833
155032
160696
162816
221685
313711
356054
256717
230025
262879
143831
241452
378884
44985
377970
56318
212740
46349
390344
286960
228933
278234
77686
212331
73774
143120
369922
144727
384431
114684
216935
302360
199467
306590
311156
62925
179799
344929
4788
219546
240967
219106
323605
6413
80476
119035
131539
64308
101753
248398
238864
29637
61
390398
108178
39209
367656
271570
149301
234393
323948
245815
10258
283871
14697
318337
290003
287102
358898
151216
120180
44052
51476
106533
64909
45449
262399
258389
308577
271376
8708
113738
15290
280429
338341
160875
156278
267196
110647
335111
171032
208040
226072
141270
144127
18897
265438
328713
259222
354375
134138
21448
35126
7909
332321
291681
198871
56302
303143
256075
181183
93028
375718
382073
348803
39258
147477
310554
180584
165819
228846
265738
139327
225112
47377
101264
3315
111974
226296
372434
207478
320359
257409
19385
113089
374214
294638
382271
148961
305154
141293
62343
249948
66782
87573
392523
56897
97442
375942
308729
311267
158068
61599
322884
218610
384252
125721
114925
174246
176184
41408
220285
82037
365923
370346
35102
19726
262602
383252
106597
268305
167204
40383
71685
45419
339918
43808
112311
277114
381717
199324
113631
350716
156937
274012
272121
256715
34145
108127
170917
222547
263330
157031
204536
81788
198066
48565
382234
10330
132371
44683
297311
390307
312510
298155
62982
104959
32018
158012
227861
287035
354446
133364
346502
13240
304788
374461
278745
153490
64322
257955
153967
276701
346643
38738
245228
357098
257758
43794
156161
371990
210357
65088
3270
248642
174331
44358
21822
80542
357121
73181
367300
109218
280314
18601
194008
78701
137236
255797
15121
282494
206651
357477
348361
147305
371144
312275
138349
368055
136296
166885
148794
50322
267311
50338
97802
288527
110466
30614
129446
186194
362634
147851
278608
127899
161173
43284
286978
9816
290584
11420
84640
354962
157100
27023
369369
206632
21585
306353
354501
118546
307175
172078
95248
248554
328374
189037
307255
293388
364050
299922
379618
227555
180760
19448
283118
192549
114594
173296
135938
257888
291206
9336
122400
101732
339845
182753
184368
347975
54104
276134
8430
78331
125
7897
163297
269620
95289
252744
49636
233097
346328
131005
13499
208990
149470
15427
47109
33256
44782
254976
137821
200483
306289
155361
323803
364584
187264
382712
220580
2123
85397
93774
364347
4915
320235
57904
271111
248243
46385
66078
188982
314290
89808
189721
371757
268150
81359
3573
1303
308655
67685
370072
58097
324254
117891
93177
10018
67436
170945
37119
113681
329602
201540
74923
163339
47892
294388
70659
71682
385107
284072
166274
140245
302301
354224
227134
359924
52343
266295
47278
110756
290821
323983
21092
100475
139518
96677
321455
272021
111213
6471
14296
370545
321325
151883
149799
324015
191440
337608
310370
133334
229583
127964
150658
68055
23193
6830
263358
171557
277846
333681
244845
321108
189631
343655
373395
346115
255868
105991
185542
236126
6886
169926
302008
194864
123440
316686
245155
348727
134124
71973
112100
59420
360132
218254
247118
117092
77700
39861
374959
250016
69078
36676
17527
231046
19927
89713
251446
95365
93756
242470
259502
253386
15350
229757
253814
316816
185345
186867
274953
373546
88308
287678
95650
4128
231027
263798
144989
133677
89428
228175
364934
91814
84324
65684
332173
17359
336600
342617
19009
292347
23140
385687
320452
259626
48603
5317
380852
361979
316815
231125
372117
249604
103095
29091
129713
191714
170097
191340
229302
51186
362568
63127
203542
41002
150177
351626
174439
247607
299204
165914
140313
103156
228902
207392
52747
286527
213601
65002
133004
120396
310199
358789
258857
278311
272161
226349
72695
304554
270745
171311
81251
191257
188589
293408
29229
318927
77144
249775
216301
18004
106119
23465
42014
329967
74762
250150
125593
100579
90611
86876
8187
57672
296857
380749
339934
74578
33987
87022
280138
38258
141039
238086
49082
147481
290571
301038
144856
187921
18230
62968
41017
315799
49156
391058
63043
246500
356295
118577
242944
268425
348293
345524
28215
361299
81177
103311
53035
219447
368986
98052
7453
178014
23623
43115
173172
342711
331300
18473
216835
84385
324050
192112
89279
265840
381185
93404
93353
259838
327792
39294
126294
307242
363262
292178
234069
81119
201249
359822
264432
154112
44284
286222
42694
114522
35359
144925
118185
133756
7412
151806
210421
55830
32609
251146
332872
176312
60853
31380
232867
248504
258653
232236
260740
134806
367166
229728
353965
255674
63451
216286
371758
190968
175899
18584
330641
300304
376616
310561
199306
355134
231060
297350
159662
72536
79192
303040
278701
374402
214839
170327
23461
202262
302802
12090
277335
129843
358382
264012
283254
199315
234473
101779
347571
130893
92176
159440
123033
251059
93778
284542
168299
311418
231285
92577
380280
175539
207766
62593
324245
300725
355725
286984
5526
204445
32960
367375
163714
27069
245036
378832
62211
245247
277771
227118
44333
76322
24220
80989
89148
276814
273792
233466
263844
212373
27598
231747
213554
66756
197993
328690
82332
205097
350838
365088
136950
80451
201785
291204
26196
38867
157283
190424
361429
203475
77532
196240
267260
331660
299217
356628
248867
287236
360758
135252
243922
32233
125252
59558
323377
288512
265851
195018
353126
112040
71235
12630
28736
361645
138895
15133
344314
370147
173303
115649
121366
137171
251891
144003
136192
188442
241114
246833
298247
136520
111880
317342
58770
15101
10645
217333
7944
191691
67543
115396
324422
353483
192620
305200
40910
16860
299518
46228
158743
371261
108245
244245
200221
160560
135641
27741
142451
390603
214361
253344
198349
245241
249159
115116
30513
279898
147193
11928
266370
173626
260283
294076
153144
15898
37206
264672
224886
87169
161760
39027
129565
268786
17709
19924
148789
200609
211401
381329
341448
311232
247003
95540
48887
44857
294528
84502
82406
334100
47351
136724
346754
262063
220237
37090
194921
109475
339287
244770
318608
28962
66360
35033
162837
50936
205307
334990
273126
2556
306473
270580
337136
164098
101629
262317
381625
115577
228946
72220
374518
229493
353289
191608
50072
238622
135173
53401
235697
64433
270985
335468
337982
205585
356970
289033
146963
323408
242743
316273
296696
103956
161026
322925
112815
272405
315152
180372
212402
79204
388537
308695
366237
184864
240180
114458
310741
335403
103561
176277
25943
115964
151269
230771
95422
230897
227708
208814
209095
356310
134423
199674
241034
71367
166895
60325
203306
379298
205327
194145
110799
181852
188540
55033
148696
257561
335146
388596
309720
188321
173524
68291
121564
151579
155627
87385
19549
324610
70949
304692
110876
373332
166464
87973
281724
129621
137727
211991
57874
131270
139089
383830
225876
100973
119138
191611
42784
46710
380999
51641
177823
286660
206399
204447
134199
316231
285741
336267
289124
64179
195667
340994
174597
175476
77659
379784
13134
293015
59308
367062
253102
176008
18942
136373
214912
364916
121812
379871
381054
248132
182718
277013
20969
350675
252859
306085
24499
275945
146545
209040
70753
76766
97259
383317
63053
268656
44975
137159
80513
177487
75223
103202
199246
108383
9965
199255
26554
123421
85794
151140
131146
122006
221959
231855
28816
33283
258458
152755
382817
10275
20123
3413
82381
177617
373651
152262
9653
251233
35452
71844
181701
322098
257038
206902
72116
101030
191100
117997
222697
124905
132906
313808
86309
142411
119477
344817
169604
298698
344773
180098
38757
63156
281557
80314
288500
154062
274774
291287
206673
152913
179615
79432
382832
73041
39638
276239
25831
17312
230375
121514
263902
76330
278463
229906
367512
244154
125054
31829
295043
104439
80217
196128
244460
80490
373217
189350
378003
88398
322078
206378
374185
289555
150326
149286
132151
235000
360272
86147
352569
266556
81254
315592
152036
151504
355354
92826
344136
67294
374591
47079
140502
229561
157917
8587
375441
383855
8866
19684
323353
255281
91716
84637
139274
83278
282317
355975
292236
204800
196731
364081
214281
185115
171513
211078
317828
61698
392616
159624
182056
63294
158262
5855
138888
330733
33908
47977
266651
240961
73448
177781
73496
201402
191585
4623
389587
86885
190423
61766
196884
292081
148641
106279
241158
62047
235136
181371
275198
178880
333739
129410
377385
100984
236978
14049
25948
290738
51704
331814
283030
72045
275654
37163
285784
251646
201220
254095
46996
344793
152140
339165
294945
184410
265010
20130
389301
163406
311334
342438
69163
55367
175472
121464
320912
332662
70418
63847
20810
389403
315355
370438
292225
218046
362844
273358
236280
169493
386543
69056
208051
16583
330468
352277
204705
5553
315446
360267
131037
219774
57495
152125
290473
320722
29565
124475
73165
71098
141828
164853
337473
157995
216895
267430
198846
329960
233387
359622
117242
42862
341103
290286
293279
288888
383896
29491
123483
299616
29170
362955
254576
92010
288350
32056
190718
371416
177477
63432
98185
231141
219862
194492
216179
133205
97834
323620
123361
68651
203474
136512
316700
61370
3307
265736
298169
191931
350950
36248
134579
173638
116350
233734
246614
271197
94954
173939
148536
163397
292161
324862
132307
35674
326568
264633
179379
367665
288245
179511
45963
194454
66961
365741
227499
108560
318371
198249
339568
31885
307987
296510
83482
148898
216859
270014
372845
296869
32178
137391
138723
581
199130
116574
327390
245594
177165
294352
362501
162742
294370
214615
209646
335307
126399
264313
216774
283395
298002
8939
238474
287669
130557
361580
310068
265627
341284
371492
390791
387113
251744
318094
221813
223361
239213
171860
243207
230725
238909
305300
128912
7581
78271
289421
200767
312359
278928
5269
256199
134603
141764
367472
88955
142060
258625
93092
114416
150921
253166
122075
199632
37474
257125
286470
142953
173116
324235
154155
380234
214190
272766
95969
310132
313422
204463
36031
111568
307500
137764
23174
68061
196851
101076
384379
183802
156777
177469
199161
104054
88847
276531
178812
158301
379444
16555
290153
184291
269547
93695
304602
377982
235406
279008
324568
20846
382626
348982
78019
127365
294311
18355
177712
153625
348455
202030
96806
131565
374086
176723
391712
22901
242153
85685
26642
140057
233381
117960
136281
86142
102586
94953
337291
200909
303669
39988
21580
312457
25767
42416
304902
82125
135551
383659
198354
336049
342224
63479
162875
83830
367730
3108
348347
237784
296174
235411
4956
152120
107700
186778
346188
104323
231513
183189
257804
49511
317795
109667
315125
157733
237179
152380
29876
127259
113134
378409
274719
258142
236882
99038
93626
294255
121869
192085
340220
319995
1119
42145
176405
303139
27569
42497
221151
201754
193001
303575
189348
285424
169409
139537
33174
57062
367739
54879
217093
141354
250252
263877
340363
357176
280432
383141
110848
147376
57300
344952
237989
333194
101397
386420
284154
199358
143735
8334
65289
127351
135225
248606
78901
9028
109519
119994
174113
125161
60652
123217
308754
186983
265560
129519
215852
315813
52673
323325
179214
214000
155965
346521
190123
41476
355043
358683
373384
106201
160703
130166
121653
5604
128349
31365
35104
291122
129167
331566
230262
34705
61068
330831
315346
318127
373162
244198
268424
359886
298116
290998
213022
142265
109925
274017
302085
189785
67579
113298
174064
1041
270421
106
225084
162666
392428
56496
189963
319440
29627
51954
80011
187365
351660
227538
293966
109313
231535
246969
392202
152052
336008
183309
233665
267646
43127
281923
101097
3757
390402
326830
278803
157521
333472
200299
273930
279331
177931
64372
55053
384103
364687
167216
371160
153930
140743
81390
146612
18591
1260
64385
16220
328045
28473
284078
185546
67256
51798
200121
131706
4179
183203
59069
121370
218926
112083
47222
150359
90493
52159
219478
61633
347313
268837
347520
276191
80773
26513
322222
113945
38255
376165
389069
100497
318626
303058
309741
26040
134873
184144
193543
367572
179754
383965
257019
11798
293234
199891
148552
97972
303217
282055
366293
185230
249378
306378
263306
326739
352379
60702
27401
21041
230653
144786
111331
352457
334894
3104
164490
35190
293756
283521
65159
50925
162704
131939
227894
74157
142184
182851
178229
124626
359989
251456
360856
72395
318848
180173
166696
112444
204449
11174
12646
272440
123115
5826
372201
68460
344098
142086
248846
318912
222260
208130
117381
137119
344498
113774
275822
300884
380006
275034
382766
353809
284775
387746
30704
168778
361360
21734
90367
378978
124585
82067
375355
21368
121776
97272
370698
207961
154122
252666
239941
330919
14137
7911
188179
321348
71175
51
364373
366148
321990
146070
354364
351579
8520
3931
335436
182554
184543
329741
354001
360315
272499
35850
355690
381556
251516
379575
238267
310647
170163
106102
247715
311608
33372
345041
338509
101057
59721
182481
342375
36627
364664
275370
245737
140322
264775
294159
115530
122312
10762
264611
257501
58191
110247
174820
305521
173281
121275
237307
97908
148973
277875
213878
197751
65950
252538
223139
242367
155863
122654
226224
136227
278384
274882
264340
4526
286460
280317
50173
60624
95486
287412
148622
143627
364606
264352
304882
142130
361087
76688
31676
80090
154316
293148
65395
64967
80606
227338
372877
310789
224185
212813
225075
206344
200782
8397
301452
389923
328601
309040
278737
157024
120689
59084
249554
363869
387856
212955
7813
371721
91858
380218
235283
344435
39718
112409
74906
176206
235140
375405
192763
130791
179364
122145
364163
72337
192488
305411
197354
330791
215296
222653
20346
112256
221458
216793
342966
125809
51247
23686
73590
105777
372807
84989
330014
160374
40761
321389
254063
282734
229334
192238
70421
304152
12172
138833
102724
25749
104971
143788
17053
283080
110914
335491
349299
36643
24511
213903
68255
300955
179614
181776
331414
206309
259566
34691
379233
378073
78862
20883
327420
309234
69402
56926
364389
372820
184005
115997
122920
187606
193518
351932
106619
37165
278509
226334
271075
365371
175312
126314
20000
228769
195796
244481
242499
295610
166716
233209
198657
217755
34541
47328
271714
175235
391502
75738
370070
383587
34478
36948
42890
79882
108810
310168
155841
211297
340414
270518
175445
332826
199167
181274
228741
12811
335300
332580
254522
257738
29049
359902
24870
127657
274361
227286
158575
321308
131306
3361
260528
231859
29842
316222
237855
377318
161763
189871
330940
281823
82235
102372
330332
205256
212206
107870
323427
303712
311177
266054
84532
339794
168398
75124
145443
180195
175406
391191
56346
33512
344808
30729
59155
11633
95530
112497
220523
31066
169830
292489
352412
132409
75394
60024
301309
261204
55847
140443
289982
196521
45901
137834
61969
275820
99801
353760
188046
153796
237529
131729
13630
367881
217062
199423
167017
74341
239903
19871
177731
168290
76743
10792
244953
242085
122773
29726
159096
201215
350372
20546
195518
290027
369892
312708
349096
45748
205210
66306
181024
213755
8706
267796
241133
219856
369625
75814
208520
79689
249557
50864
114711
55762
272068
177180
80701
90623
11272
247791
116575
218212
206507
331237
78509
288578
296818
307976
267460
218151
1257
55880
306936
183014
232792
343535
25793
345943
159644
229716
138488
352614
264919
106177
202100
133570
321156
177933
238924
224450
357656
187883
387837
125580
54701
343350
113229
179347
28309
326715
367565
54672
306565
309893
187250
111156
367219
296346
140514
90448
391941
354344
182238
340715
154665
39972
147871
192931
81792
35677
119769
23847
78604
255977
143795
114800
23877
366699
310715
71255
51529
326040
177283
130838
152299
115761
347761
6296
275241
244925
386442
182274
204191
366411
294223
69757
289966
77996
181505
209124
206103
316431
302342
275924
130869
144931
25541
274775
304090
289469
253585
358422
313802
380730
140906
328632
278276
313895
281277
273629
175820
350768
10235
321154
374942
387280
251224
50193
13082
92417
41200
82358
357373
298079
361088
115081
246818
102659
271955
154865
343375
372318
247196
319976
316166
45609
56213
182004
251756
185486
297414
234179
215225
144419
3403
225322
283215
86088
376211
370761
314024
137016
95834
167464
322112
235410
291616
334362
339610
89653
172210
200060
357541
278160
251259
359750
280442
288062
320334
99996
113285
121089
166835
160987
5053
388422
133777
287917
317596
277076
192186
383482
109404
46839
139186
279509
228732
298440
351945
382372
199101
168986
77301
382547
2214
904
367439
225245
70693
222115
68253
246137
95752
100880
70934
315334
254660
217550
36312
132196
302804
261102
327348
80772
198728
174863
237203
192237
265051
320183
13885
78037
130457
149734
310999
287340
258611
273624
114150
212720
170140
206472
179576
56571
296059
265405
87034
129725
165240
237641
2916
194884
129494
38023
64024
7005
316974
35045
308709
155805
114132
347880
104047
257544
318416
242777
169149
242727
316201
276124
284201
214319
316757
77873
229924
222871
117272
155682
26835
284698
72823
21231
88686
392650
32150
27448
130797
12576
76862
271419
179207
310898
215821
314878
221838
329190
61184
132154
339503
117968
236224
323539
199023
332755
78438
222332
39168
253100
240444
258636
221808
74441
260159
231491
69342
202108
341710
6351
122313
229922
372242
251524
142233
290523
115294
215670
164167
317790
94965
251903
343340
185603
92441
241027
279376
154554
75149
226518
385221
126689
19823
378816
81312
380184
295131
171786
78565
275942
118536
1053
294632
303014
72716
173158
188500
234057
137616
295034
230663
193128
88057
95405
301573
206304
84630
373839
197971
217061
366216
84687
172862
218710
110994
331749
42271
138392
152927
150621
340436
199679
305142
50938
149089
318514
264403
266009
221817
164966
321649
15006
235026
86070
39812
205297
277446
312150
134489
308164
124459
164312
212993
162580
329073
58997
72157
198910
98068
314310
104792
155780
99124
297266
136587
73237
157029
34674
57068
55575
128281
17435
11657
53666
74558
333764
265324
221258
282722
14024
44651
185003
189283
116781
173270
290300
131300
157491
188076
77069
74120
134242
147894
229435
112006
169293
58745
279110
392511
340006
352434
375508
352357
185508
320457
361704
370782
285364
265614
267921
389820
112593
33497
165281
16453
342541
222790
192127
202002
268399
330409
51159
260350
48010
366524
230140
157453
101915
197896
377708
163401
320021
214477
343332
283161
372530
59508
280823
55435
145367
230328
72219
96010
193909
162566
303918
348237
242491
340354
381416
129288
236651
313866
135406
294774
146760
189778
41483
296437
85847
166062
96311
53780
53971
62477
339410
383795
69169
174665
67879
188573
300549
202513
267360
103947
98121
111649
389194
178201
417
240725
261338
206398
48789
249985
218273
28248
340376
52942
334839
118011
277438
22462
183717
298668
374577
311783
344178
142519
117896
160377
50285
190182
339337
157203
236660
309079
320690
384578
163016
225426
278929
177716
75374
308234
67101
111901
222448
379198
92779
347214
214254
196980
108142
305694
222328
388872
275268
281953
84297
292261
241789
211247
23037
329585
213365
372644
237169
308534
372641
388127
183770
74654
266550
383559
244537
132759
160920
193643
213803
100811
280802
45700
387653
255805
40552
383615
260975
38962
365007
57960
42129
353350
19682
292327
76190
211123
194359
280520
21747
152001
199542
385655
322382
135527
121885
248186
260590
364823
205522
168888
346005
361248
231441
290109
355456
267238
306751
279507
333165
210264
143563
111443
295099
241685
202761
245509
239981
41626
125336
258234
147011
294274
18414
17764
33043
49094
113617
108319
66760
98183
370510
344779
59963
109304
74142
339709
304887
44989
214586
38833
70166
195391
267332
215334
306601
5360
79252
169517
177229
116743
201675
1768
188133
134705
239579
41594
129689
219637
340813
350912
117423
74935
277151
173772
171870
23334
321465
121582
46137
329372
378347
152428
116260
133900
240739
284496
112542
25393
196283
386591
52725
373920
381712
34178
83274
191706
305223
121555
372140
244414
162997
372784
257892
372183
20355
193153
309197
104497
348627
5630
283603
385480
265134
231461
230250
139460
36067
346903
343902
218004
359223
210265
89306
245213
52619
175669
3284
209450
112230
22340
392528
33221
351298
78506
267489
223021
167090
2243
357789
319720
102426
157784
88928
237175
77821
346463
13806
37470
102235
147034
34773
61724
202707
142987
83053
259961
333125
166318
145071
221150
151493
151432
259062
56153
164058
294396
203720
391009
385122
82302
34065
267264
109387
129292
131923
268948
140628
72508
363883
194438
384363
65182
233835
198338
74315
317
286468
284047
299475
66696
52782
269243
318478
52897
103608
105892
130492
354215
29216
336701
317082
31101
334526
105941
238254
367305
302989
337438
256009
85805
233105
9086
287894
173452
76798
240105
103547
310026
308029
208384
298275
84914
235394
146568
162317
55076
247956
387632
103930
90779
162511
38032
388172
293062
217472
147002
337082
214658
199895
142101
48078
223861
241727
68497
377823
290487
111708
73659
252777
151767
377947
89177
270505
182848
327393
158316
84309
198845
131724
76287
285646
94000
114818
231047
79892
177945
226004
168012
252633
34262
305901
158008
279541
216501
229270
171177
343142
138375
135254
130435
11404
118253
325986
221140
301312
109368
344636
100653
91066
342983
318093
37330
96303
221848
190600
25690
135206
307015
138702
367814
14254
286574
178510
356890
373753
114359
99402
56334
234194
224204
163249
191297
192811
144217
175053
219570
372864
366306
146013
302138
30784
215213
290804
187068
144031
343195
78959
113917
266662
351681
27804
130840
197626
375388
69456
298091
86270
75588
106010
346966
273150
249513
213665
197640
5723
280970
43624
289711
136258
21163
239512
297735
342237
320586
313600
160219
60764
98216
161229
269421
223115
80027
249410
267236
172009
358337
297177
135403
34312
195427
317394
260798
306897
69879
22629
260573
174922
232882
228039
179409
254898
238527
377431
365808
304284
112123
196184
121261
268897
354679
383050
224088
275310
12539
370678
310814
106080
275585
348637
17363
192120
175063
210936
107463
143247
221100
175187
153672
248896
293499
63346
21520
4372
191512
190113
49010
236870
308476
29779
302954
211344
101288
364886
68078
26967
265279
15779
8639
385888
18927
15713
275995
190779
226831
202497
61797
269132
375809
287826
100253
389134
256527
273595
201209
125027
363655
255574
65084
17986
289304
106086
223690
327701
175156
77092
350103
190204
110929
197321
309399
166889
249217
24695
300571
96790
268184
346067
195385
303274
112833
30488
177928
63938
303886
36533
143278
78034
162969
341596
77818
354069
64496
19246
26623
24643
290673
284737
208436
176285
242667
107865
99799
52188
114221
45928
199857
157313
226189
298206
330618
81748
23361
236535
229060
183213
359279
151812
144562
134640
337744
333560
216521
289702
139543
125083
314448
280815
80531
221773
293194
195948
101187
220358
30766
302458
174676
106451
105699
225689
365000
284714
136974
65225
110381
227569
217127
354879
258892
211554
298965
276329
384550
216299
22004
343653
278950
295720
87163
238136
318844
224084
281884
234460
19840
323003
190516
216977
342600
320851
151247
36776
43647
71301
25545
85555
46224
44037
384436
113864
311653
172195
72224
142963
284139
337852
40188
232972
68296
181544
205610
288474
194734
85303
378462
318358
339379
334575
331944
80379
345376
228548
299281
58751
368130
5271
229732
252168
127001
382587
62709
135472
315936
50920
95007
159631
158163
95938
97898
115283
30979
354516
91104
290937
391163
337
72402
49323
321601
66661
60942
301812
224419
161647
4275
135325
327296
2776
73392
66581
235946
359997
269037
284502
227155
312555
382912
82296
38295
57868
271754
133872
217714
66157
50874
358181
85798
217723
126086
181692
350898
114327
249632
211402
126244
134555
57239
350226
265940
169783
271896
165665
284971
45021
175788
178175
144523
125964
144862
341496
89240
209584
248961
386178
327247
263420
74864
305805
23661
328823
246867
58137
298945
186168
68673
388247
248319
112330
34116
164289
144887
222879
135991
30630
54494
19143
323439
206610
373029
234765
10614
18038
374283
281603
285405
209333
217762
253529
229462
345408
47860
108328
384127
211391
340886
176492
74811
302151
290533
353949
279516
232915
162712
100448
30125
250131
225885
332607
388963
299432
203965
271523
25363
87596
141739
35283
134857
242500
162351
53386
119409
61403
198000
122104
1043
5645
41875
28467
56521
190406
31898
29956
295234
52740
143292
41432
14038
98606
121774
109318
181100
172189
384884
380109
219458
246801
334995
386803
265977
309
322133
94473
363075
224001
380306
357554
94485
191121
62057
337257
214620
45009
41674
223308
108453
102537
37646
307293
349194
148949
379076
376833
31936
87955
266003
197753
309961
195190
293867
278057
75285
54383
77084
305062
118139
150214
117266
161585
189500
382530
358949
361776
386203
165052
33680
359194
15577
125579
4420
239377
318061
27872
123959
304623
296338
69296
362722
356250
61107
344329
265830
142594
168722
238185
160254
214780
36851
111518
58265
158606
204217
84361
10981
89580
296665
117492
43490
245680
1345
389774
345580
254840
298712
115905
157044
196983
23998
299876
155236
132694
225810
318173
360207
313809
373531
155646
72323
344620
219646
52818
382448
90912
332825
221917
113619
16112
324034
369068
180112
32927
172323
144245
328706
347789
69283
167405
158762
193211
76575
22569
221842
305370
67284
267051
134580
151270
8128
49518
123851
130198
96960
312914
84935
135410
231703
85604
196906
160468
18497
263727
41161
36113
12638
268382
351421
222611
360754
101455
87872
257984
373741
162336
308575
286003
100454
129319
131824
147462
163130
29168
140637
23692
332886
302397
46344
38653
211862
308397
51351
100992
349113
50534
14655
300321
98754
348212
102542
222581
306114
139527
222825
86358
142311
6754
167760
10074
377362
183590
261695
137526
178652
292912
244611
118661
248593
385904
107697
92675
21892
263218
360947
331459
240882
164392
94420
92984
388840
318814
138174
360031
137039
252368
227015
48559
54996
136705
193648
379245
380909
219348
29675
39597
216988
79742
82966
357372
260695
200089
273027
108587
264039
181040
115154
4858
303473
339150
21143
365119
315447
315892
81659
16540
235673
309115
121481
60770
158832
171958
37898
176305
129819
265075
198297
7452
280776
265800
111419
202186
57028
8144
321237
248422
188127
94427
233820
94657
50762
346999
277667
107394
28493
88026
377810
11234
336934
62851
16998
23634
142667
30500
374225
89227
188336
102612
251389
370073
39411
288573
214258
261324
184407
195612
231282
340853
289232
124182
63405
336541
29034
207914
117365
52175
360936
336596
181496
105201
41867
273552
23219
217017
133664
162826
249539
287057
173567
376477
269094
48052
185745
237873
215477
250912
284323
97827
95707
283487
223120
293345
236686
133405
110482
2706
39609
45543
308017
13032
179531
262808
94359
386260
311920
370065
31901
187067
148151
364271
88122
280041
121420
121137
143028
116451
99677
216436
286775
216121
226750
163523
171604
289481
259703
153156
137096
342492
4579
344401
233557
243145
370959
267869
172879
235744
84652
352811
76114
298303
302845
344965
170681
4584
207758
227976
271524
29077
2879
197976
73031
19462
106637
68546
317151
105924
216803
316325
36697
9243
28757
348123
373307
87588
318128
262831
39944
190361
65873
314931
364600
189208
190942
356078
369472
73935
277409
341077
350742
384709
78786
328929
169136
