190082
3006
102412
164182
80558
32704
29136
223550
135764
46043
223590
129436
129349
68583
77103
137558
129935
190917
60777
76614
128245
339373
122842
96634
100966
85866
46885
101655
64612
168819
306088
226461
268884
289710
36420
268659
157625
110592
22846
76715
175096
173048
34586
211093
309842
200136
247317
150595
296447
361190
235237
92340
105910
274842
237266
301540
20434
321992
299296
310882
211677
192022
257204
154071
51284
67298
1488
361920
273559
221658
195389
98917
275076
331473
387964
55910
365697
270255
376374
212836
217023
155119
256490
259387
235417
102953
340866
152220
269105
289828
46567
338352
35199
382789
159789
212587
221875
45840
224780
253858
138972
341445
88278
248969
5466
326042
373848
147109
152757
233909
305879
329708
36426
103058
164926
37231
286861
86424
384661
141858
78163
30813
292212
123589
369193
86866
239758
333403
274034
359036
134254
142513
222204
383211
172686
17408
154894
208016
225459
205282
288386
4344
129425
256876
75468
260245
125944
198220
55049
209317
345953
290201
287968
213164
381188
184227
230062
302136
327183
74252
145930
359251
2425
367008
304401
106943
282243
284690
238488
193268
53048
342663
355216
302659
384159
49295
389613
345504
328552
147692
304814
215120
84810
179488
203881
230310
346294
312673
34565
154227
66120
317808
272259
376118
153841
67322
211561
361374
213058
204811
75631
155535
319037
390019
207394
304817
14702
274967
383175
229482
119323
50049
257906
181634
193574
275709
274166
256153
343830
138249
287861
370821
145412
107557
226887
232038
316822
80840
392629
219927
71757
134978
278436
341950
94907
207439
274476
232625
75306
72197
322672
209764
365737
33031
126661
32647
16076
108503
69670
371223
220208
164738
32480
179081
206185
129627
24484
38026
41839
191320
255265
3203
6270
251047
210282
104572
26253
283930
115095
386462
339211
167803
93644
275617
118113
191287
335745
194796
181307
313759
20423
285096
124668
279664
61917
343102
15642
390321
66695
178948
117091
302420
140886
112201
238877
7611
135326
217176
80380
9600
148598
93458
262965
261895
360028
289685
305400
360384
224246
67252
34389
270295
190137
281591
52707
59779
146139
380324
201753
203490
306452
353511
333724
68218
359362
1413
226184
172663
381960
84750
106455
372463
35068
359732
18158
356150
5264
202912
35490
351714
91589
16754
304638
143542
66009
97821
90822
200605
378501
124109
59988
379314
86449
347158
220388
62740
348449
110350
56973
44628
206865
233093
123416
163467
247269
109267
80064
365494
210069
232046
28120
318774
346159
227466
18798
259512
51743
350885
364628
103394
8990
231734
289098
23830
362419
356870
197251
66949
131491
110512
1089
11738
34658
128421
181043
112842
54666
144843
187649
373676
309033
314240
277552
5576
360993
9933
27951
169502
375368
208229
366884
383821
261854
391422
176997
94776
295327
215916
239396
188869
29672
199102
113056
125723
282799
20875
235326
36466
220329
100490
72182
352994
287161
247954
256314
36363
168039
230545
191741
119107
328244
109739
86239
385125
384364
223080
284407
239058
85980
116973
157662
323823
136945
21633
303790
290653
81202
118994
213457
377921
212427
84518
285292
289143
23275
300734
387620
155949
155226
216911
104602
365725
385424
125924
263365
137776
90468
179059
254652
216350
126926
344938
384093
382596
9720
41743
240887
109501
125434
51792
43610
322583
373966
89144
322009
251295
278218
266389
134712
145729
325960
86830
107372
292705
110413
61669
328733
195065
312948
172418
337904
211582
90550
347942
164159
337493
256892
258996
217258
165859
366326
330160
298226
178998
146875
26820
58379
87372
314153
313616
133617
245080
42171
162763
315127
193147
258771
384332
113517
262138
105666
354387
373023
322762
39569
108388
382351
190363
77221
306704
342182
207411
392235
200805
171931
337659
304681
238040
26597
152489
197503
266722
307774
236607
260803
223922
352487
366109
27408
235703
222118
139745
121186
32800
208580
178264
132350
213162
45932
387019
319945
263464
24778
111361
174887
131781
120160
160804
228247
156235
167708
141158
9450
91840
192318
137466
67889
241020
287436
221003
41529
244836
146797
8651
336304
45501
22704
250482
83033
231690
295366
281640
335790
348689
59887
12048
14177
39668
126116
97443
96901
247505
121573
24770
265718
144276
323976
325151
254354
282234
292541
342158
41605
196208
306039
105376
34016
37067
154583
136381
36602
52999
345587
95048
166375
24588
100729
234140
25203
136300
191302
368669
71894
76200
364280
208127
84812
59674
124219
88844
351556
242567
149746
280451
188867
309722
234503
141206
218249
309935
105673
112310
174478
280187
137191
18161
54703
391067
35063
232899
316224
324881
390690
252528
90864
285115
178036
251358
119659
312669
226644
357375
332441
285519
55690
355076
1903
47762
123425
97638
208495
386788
111877
92063
354169
323890
31015
292561
353728
91429
167601
98857
221166
298732
192415
198963
376210
159461
52866
322504
294766
146953
330569
375908
158451
170167
210450
259329
192491
308306
33579
49225
147607
252534
147379
71511
82791
257453
237042
202190
87968
383763
292511
11006
215332
289426
340603
238299
34106
263085
230838
201210
318368
319365
388102
9504
276138
338542
347459
181153
321266
359849
151104
276668
202721
261605
242041
321073
267189
183380
90310
236411
191740
131330
161787
275545
107065
239409
103512
90476
224156
159256
251562
84873
390208
257301
368901
354787
93252
90116
212979
10710
19490
256373
298596
48863
181192
182780
263187
187466
229078
39592
293355
294460
192357
306972
246106
316022
160707
301403
259342
57558
17677
54489
293147
84724
357429
170648
368779
196200
314956
333706
318297
44121
377713
71856
267421
249332
160671
282949
389306
189518
282994
146205
355405
112082
66229
177031
73037
141765
179982
81697
134542
232507
225401
262818
177168
366186
261483
7139
295195
295110
378458
117527
147471
6592
331017
76324
276082
164598
391427
240599
40685
386687
384647
174120
223105
233178
275999
306844
383828
223742
38449
229897
362403
364877
258104
17651
336573
1573
259192
243118
335708
201913
74570
126560
214587
359078
215872
333884
166973
106209
160122
340518
245141
126745
294297
81092
145918
352278
73514
51365
206874
315713
31096
364287
262977
296057
197415
192950
285245
10529
245184
15953
55470
120805
12201
347182
338840
280473
310604
347383
5280
347496
317135
212429
91944
120682
177811
132769
27170
272364
304230
127842
60676
238284
195293
96568
377143
245246
207764
247506
81345
365652
163956
278754
258738
72558
272502
88924
12312
127079
367957
184058
178443
122382
238315
331622
177398
9501
321297
266463
144221
102548
208982
381588
283792
54287
309915
86387
44827
34032
150407
61097
347564
281692
302066
389251
113145
44891
230872
178259
57979
245160
336196
66944
198102
55006
223100
268491
106407
217019
111407
227313
82530
387471
125198
306968
243893
214039
83272
391617
213735
334212
192381
254958
183310
305843
281055
247824
392186
98180
7192
192183
383533
379339
65319
115535
84003
375505
108005
157297
305191
377376
205211
376818
98154
206770
247374
48718
382327
152593
352978
246421
153836
143520
348524
344962
254870
19576
234726
168953
118086
332668
87986
34022
169086
46220
129770
49875
220872
1195
168566
20786
98362
175434
237555
172734
271324
178413
335765
121319
350046
88482
170203
162408
282965
105648
203073
375802
387642
213409
20918
308765
384891
368873
93478
325070
267938
141359
314629
202976
287555
29642
294751
43591
104546
203633
137071
172088
68589
255885
345503
83231
366860
156630
155794
20145
263549
45127
268769
117256
84455
180366
228834
159091
287387
373390
156036
378280
101331
188345
198490
329720
386792
164605
231941
356665
303685
197807
58800
199708
10653
319642
292515
48855
185611
380362
172060
250529
43993
164722
13738
197136
188156
268591
278041
131492
102852
216224
235159
289941
34507
184068
84178
101913
212808
262121
5556
66702
338284
381401
16995
368898
126797
221523
214953
384241
166222
102594
20751
246223
340529
352520
64307
281302
156960
264087
331815
392338
240783
109410
338095
66410
216432
188078
119601
38923
144771
320317
276369
85693
202326
76680
153311
292026
222086
207116
112225
313936
367720
128893
71982
154124
225718
171511
229820
221725
323899
75725
33858
374653
77791
265442
230330
22168
163322
245469
58328
290757
34044
156039
327123
288107
51222
336000
188959
261654
232166
21485
162658
88016
75145
305799
13800
192460
242510
205870
130652
369732
13831
178902
272054
349279
261422
390669
293645
318135
215798
42250
321121
287274
127311
78445
310922
347908
330163
190667
110452
386137
121607
158205
374936
341160
248898
22635
80591
21920
365386
269126
144442
276628
213913
315834
370058
231930
176397
357594
37171
187043
114979
269878
333953
101151
387962
350501
181686
114652
113039
319566
311361
247124
320709
295021
132192
366217
364855
322296
309538
187290
355334
231370
372733
330755
123822
292302
220407
327093
229581
251346
275026
82348
335296
87604
190080
339112
119084
275357
320646
302932
270735
240184
225564
139576
299265
357632
274600
338973
351956
144183
336369
102277
133003
191431
124487
352231
286509
345891
302745
316683
120720
93091
312812
154371
231263
334339
377978
53937
92067
18689
148223
183601
362278
39486
251023
34695
294056
332904
13498
307666
188644
170982
64760
284982
100516
85567
222886
45030
283830
25668
248030
357856
331569
121407
58715
176368
229317
367247
126152
62621
25036
348622
333623
180219
120274
265564
277004
370234
90074
222387
150545
260330
39313
187235
335699
174698
339585
256340
7298
79526
371624
123165
229133
234279
114044
377941
123428
286558
123282
44328
113156
154797
242172
383025
371755
232327
386574
364309
162057
192823
171851
28551
366065
58053
5005
341951
175485
153890
318887
382670
74827
220563
365129
322152
353090
131404
334516
387404
173908
50406
77591
272622
158179
341805
51264
275698
143805
320573
211230
277929
235461
263571
285315
354079
84323
161222
360286
215999
35312
174078
223554
97667
232634
341874
375066
136439
358481
188993
205382
97109
263372
257928
203198
55659
235568
211340
348285
169000
195899
356130
72318
27249
329517
70585
274413
71512
172342
40755
333183
249227
268913
250600
280031
218332
21082
360824
169002
316136
64722
303255
347622
167622
236768
325042
117918
390452
76107
166092
373865
356765
353486
354431
386344
376606
11847
17251
218593
366619
387694
319214
112382
46682
195096
352162
45809
217844
199040
208760
330191
173614
327979
135363
40821
98980
248701
351839
54905
238635
215492
98954
93668
343750
8401
149982
289007
117299
343746
52817
229618
210522
359672
53346
32210
309580
105370
5443
383707
377453
390108
229001
186761
353887
158053
104539
44418
13980
17926
116331
70470
194885
18219
358004
175658
288101
350422
143207
95992
45876
382571
116640
312088
125157
317929
145363
34165
94365
268793
283050
260197
88839
329348
115888
256451
129739
4370
247969
163568
224005
105701
203924
339954
276229
121613
68278
352438
348911
261707
21043
89072
272099
365822
24246
253269
46973
127692
9873
227847
57937
183112
379218
303096
300655
124178
470
93111
125328
351311
78053
17406
192522
209340
335928
307522
181901
330285
218902
127184
165777
290278
119459
128996
269593
251374
20390
201668
162744
131803
231939
261185
82069
341723
70758
163707
392077
39431
176360
301715
315437
175720
166458
335602
14400
164525
242970
392495
356756
258594
33430
44015
241851
291713
186151
360445
51634
363593
285583
88814
377816
116738
54051
70146
319505
125231
342609
216064
321843
141790
189886
344592
303891
327698
227621
336791
143143
251144
285982
257529
120992
189743
37519
21545
339668
117056
190699
244131
305838
82842
315102
86480
329717
279553
162269
295147
87881
69128
336808
92970
284095
275199
2190
220244
276245
74835
10535
361183
213739
266828
388189
81232
204431
4170
357586
215697
340217
218743
167244
113984
163098
92547
34701
294905
159834
353445
137895
269646
202234
360306
370881
257846
203934
182315
30675
41125
337779
240302
339567
332579
173187
369119
132534
256387
254683
43043
140279
80272
2954
348921
177032
297745
48936
304272
139528
383803
260459
184758
38621
338893
328427
149271
198092
46850
70353
223843
111495
279441
223536
358854
223533
46787
12295
333455
215786
71765
97629
150340
48050
229307
302246
159224
181809
86762
18405
348160
218132
331244
392284
17912
275793
266751
306233
189621
164019
264077
171737
262341
305044
183127
51189
263283
152204
225225
150225
206028
341177
129481
390221
110723
202158
210958
84327
174832
101748
115886
241473
170377
277015
289645
385634
275218
137371
202278
110980
328609
84295
352846
145528
314019
161482
217643
108576
354800
196207
370860
55539
34994
132482
279007
29826
148507
190464
247341
280316
371529
228095
301327
337229
115865
2792
285289
268497
334944
379615
239293
358070
286414
273637
306689
87142
38424
190882
126912
112683
204662
214417
31953
309361
92494
68418
243688
233475
276090
46679
45403
24014
228377
160900
296232
337975
86161
333539
38657
346192
279450
285027
319018
210921
77105
162651
147280
189157
36178
105989
200729
185954
250225
338849
269325
382283
198992
184926
243817
30364
40922
116607
53671
84568
227389
63962
202734
32770
371838
76297
253016
214980
87963
380597
295992
138618
309278
197086
116245
351084
36040
15416
156350
241154
148195
97371
96440
262195
306056
271432
116790
118601
47333
117807
111694
100717
389730
192111
245027
83826
355230
350680
392485
269749
68439
38619
367252
285341
340134
267190
158170
188770
301458
278183
143191
382499
156450
167728
184347
135979
353757
221714
276537
95754
3878
327095
153072
235232
325652
202567
122905
364578
85257
90153
7833
272062
111747
348703
84768
286859
107796
227826
237883
37316
209526
213310
253660
169703
288783
390957
330493
391688
384855
194118
221335
224410
131821
165178
277382
112234
22633
284506
175694
330202
180127
113233
151945
62898
348342
348450
185856
81258
276001
106270
12360
40528
1943
101441
317163
219584
278417
227780
92394
89418
165112
389482
85464
41135
11570
106326
131999
362115
65563
265416
4342
315383
150454
203332
289441
242213
271385
323997
347938
373824
48956
14321
190061
360322
78241
199595
177785
48446
29786
45594
96202
308339
154042
160460
216758
228982
15252
360532
36279
95217
37617
164036
6465
20912
130407
266980
376615
147629
105894
78205
345895
62967
178146
58894
5591
72215
44697
266970
214995
330613
201604
234321
116918
41625
319075
35140
114797
177513
183890
303253
294520
218849
245190
350342
220586
273155
297476
163761
310434
304650
45873
294089
293728
238656
286638
125815
129030
323391
343116
369817
36291
305545
169351
133097
341558
197024
224102
169877
64437
192957
354242
352175
66928
52838
213530
167201
339607
33237
158603
256635
386351
255918
161251
253905
342612
108485
124666
291237
327111
202466
345805
292116
214560
154459
102928
39480
347509
330861
380347
390926
280581
266753
215450
347398
382052
390799
378078
27314
229694
350432
285633
219807
4267
23031
294733
245581
157243
323624
167814
251872
79212
370241
371406
268701
339465
120003
182021
58377
197248
365250
253775
313991
96143
235428
384140
354076
295108
184363
234670
84967
109014
48586
328756
7808
175841
17896
366815
40069
177919
348872
282467
348172
131033
291234
30245
197632
142505
75194
392252
359373
317919
236225
77811
339335
204214
164458
156704
343293
182485
98955
300433
297424
33707
378725
76630
151027
356668
183685
119502
81987
159283
263728
280568
351565
324149
214161
83913
315268
146144
258671
334924
102254
26370
211641
322933
113819
71096
260139
21776
352491
298584
171205
84197
106504
149881
122265
142985
303436
362494
283454
217365
123656
116129
156146
76636
193833
273223
129022
71446
224345
291610
127508
230278
349689
155484
274572
223279
336127
292301
330179
348453
150215
205626
68299
373086
385533
346462
223723
179969
55180
93132
206339
285735
153804
137658
51328
252090
246041
246701
317531
119856
165674
115061
55794
181733
64567
190165
36256
299548
16526
235407
326383
351381
353997
353738
241471
271949
113254
183464
208290
319068
112034
293820
272284
389802
346476
374820
190269
251854
200128
115288
346653
273777
68779
172994
256256
308199
80348
221717
69464
29759
70664
124471
268782
39771
156198
335671
353071
344634
189976
87764
386033
153569
295710
389646
223387
295331
235839
198251
266229
252486
72497
264152
9083
310879
133832
328420
144435
305118
184443
234695
126815
178129
2548
52903
10046
178093
211388
20837
291866
220920
148299
147979
177871
321853
183511
220
164091
360097
219150
115968
20700
358908
248851
373462
224017
378646
22959
262237
196973
183508
258264
339318
225414
211535
18911
169366
321402
70635
142525
149498
95077
296559
296756
16136
209904
237054
294150
244968
289597
117158
111602
107563
77694
174468
5584
89908
2143
313135
52483
241251
78473
326812
221497
334214
337763
305867
151723
313703
140672
67430
130597
184248
365496
373977
151993
362382
196765
294281
339762
288315
242524
271341
98484
315089
217028
190185
210848
235206
231498
310076
387673
294474
126364
167296
24447
348537
29658
135755
272255
107011
237032
319083
156359
244423
302527
160199
258365
228073
218843
343606
131488
387880
184659
39454
182707
273986
73984
337740
295593
81016
285216
184946
331500
94495
129129
261785
229825
83582
228441
308444
390036
110028
61848
122758
247082
49484
311376
71396
303085
37070
205771
250909
345303
331562
151385
203039
384560
1654
89846
23566
348409
209470
279207
252505
172575
12642
278363
18394
180012
85626
159597
287716
258333
138044
284750
383277
206193
22753
128017
73108
390136
145561
95390
369206
354886
41614
389208
151616
216106
98762
356827
133100
156681
358595
34712
165204
133755
108244
94757
376200
58177
265911
83069
310825
256568
68969
300426
202543
261239
5886
270667
328610
236354
373302
356068
102681
157743
334625
81212
97820
365885
337555
386018
197292
145734
286792
176214
87646
304231
379324
55577
191042
251801
325850
83269
177489
344942
181704
35838
224547
165896
218072
24879
239652
389660
112379
187885
85718
353804
246796
343852
260343
382112
125939
190462
385109
385582
70206
47470
60829
83879
21331
234937
70743
192253
306263
319660
131497
142836
7531
289550
28115
303325
57159
104431
68996
137227
85719
160037
258060
392665
374522
99956
71250
331363
12612
179004
112928
286089
192965
217240
77325
13821
116830
14695
172594
388000
301807
162246
248219
81531
377468
157709
389722
137289
180570
218294
275653
244880
203782
98003
283815
102385
383403
241150
113690
382570
334349
362604
181376
14729
366448
352221
80309
319215
385079
291855
163501
198496
35604
123083
247882
100482
106093
312634
311437
108993
157255
325210
354433
274744
206599
218337
310603
320202
137612
248009
5342
334090
330123
273587
197025
168350
213001
358556
282120
75800
119287
65519
63801
347672
345950
127910
188718
391725
101135
51614
129464
95833
308266
342902
276096
253029
250236
47653
47519
14791
334682
80330
380058
232655
231645
275840
349763
45354
302934
330286
348170
252267
330053
275421
10450
118164
161633
171649
216044
234314
360905
209421
161872
250090
10310
82274
299555
1932
259858
175848
106091
68145
151325
180594
97843
219378
11916
384601
385450
84429
237441
11165
338448
377183
187971
118206
4
100792
85285
76056
260926
290351
227837
86101
333935
379221
226030
311781
390118
345451
379846
57719
137848
131483
29872
357466
80103
44081
189325
334101
166490
309121
347917
123775
367513
273503
143961
341863
127802
9792
341504
174346
223905
347768
154140
298065
120426
330575
139103
195559
305709
47217
304322
333723
91410
320307
259953
360939
237604
82469
351554
182963
21834
269551
337693
82670
378058
389064
272479
208230
337348
289972
130020
83989
28053
179662
75952
123477
328766
128438
255355
112613
234505
35869
163869
206986
165687
103531
350196
319743
318157
30651
164538
213575
334984
162817
182759
351813
5528
93584
281378
188883
120414
181414
363471
39594
151721
330856
194800
107245
193771
172611
391754
220812
180093
252385
306361
138966
365036
241835
367128
45252
308992
218690
140089
175551
84998
121654
186715
205120
204568
76404
127212
53454
374571
38066
367139
176108
351974
68183
26164
319042
92124
266094
138521
155
352051
388865
315994
264083
320148
198820
23953
220513
335072
307708
291113
96559
182532
186108
146881
382688
141692
142483
328124
207035
143103
361712
269201
88919
71003
354958
366284
147362
2441
124025
33162
229424
87297
119040
99753
111345
110484
317280
125649
86937
164281
161539
112803
133396
140326
199858
226256
312405
367597
107959
25786
212457
71117
97566
221147
263664
371279
369618
203233
159749
453
375399
392058
53882
175237
171633
315828
379519
290347
94819
261416
310993
339683
20251
169852
18007
57330
248600
177806
65872
237669
80094
242027
367611
324113
339043
136072
252306
322394
192275
249834
15274
327866
346019
344763
59775
290955
282948
175407
201900
275578
269810
214556
163702
64810
319102
372999
191641
133035
374902
348539
344715
51773
377804
66675
279169
239289
225341
338414
280245
337542
127777
66751
145390
187591
349147
63914
160845
39903
391424
348707
195161
200671
319419
146349
183670
110620
18436
271734
213281
370940
27743
373939
201346
39345
280150
279026
366289
60773
134597
259901
387825
375542
87888
204552
97708
192943
375817
44801
376082
179630
294997
367949
279665
380754
18663
139250
365486
211390
138714
219627
176640
312246
42646
155494
82277
225658
216384
216921
115242
369246
295983
346237
11867
365491
25536
311969
47768
374168
86652
49321
260423
305551
123740
377764
273075
38223
14043
293601
311763
64438
224964
21694
134485
107932
352867
205987
97814
309884
139469
352971
355256
194491
109687
245488
217018
381681
38553
305021
143026
363221
153467
103738
176126
335404
28894
372461
12326
254237
284036
233442
89931
322188
29612
29729
257922
250370
290080
186164
153397
217178
154173
39711
311318
379330
21324
209210
259590
235576
209345
379761
87483
213477
168026
330127
122077
384112
157958
68068
290030
130060
326629
274723
38046
197155
379765
384318
64607
173493
356891
155146
257482
342811
13162
335846
152897
326554
52720
105448
299973
357613
280001
161098
336496
358739
113870
310708
358655
89668
217860
180221
361205
251682
106667
249572
155471
79919
182985
176962
4199
271902
184588
86472
151511
194440
312876
52489
140098
255487
12636
100154
228324
22398
27753
196129
5684
279295
43196
322299
93530
213844
17180
67606
52729
307352
113512
150190
176917
136304
37596
73892
216739
214357
344047
108365
389694
102577
367206
276145
311292
286979
209109
359731
335694
147423
389746
389190
146712
209023
15367
317381
246335
392423
287711
272166
191309
187834
218858
154600
210102
68297
137902
37932
193957
174247
377533
317173
69219
300123
201768
259101
165486
324411
145423
122222
189589
210036
389150
292634
154940
77242
257580
176071
239219
201345
104045
47524
147198
296666
195832
250854
296393
131277
92627
133579
281394
332901
239957
190827
183982
338713
32454
232565
44972
275529
277522
265538
223516
381727
389045
391804
165197
176989
214275
27948
165706
65138
249546
96487
269308
311929
61169
59889
65680
211941
333389
112860
215822
284831
255192
273301
322039
362269
224595
45822
92253
317054
120340
33208
183107
385581
264734
273076
178122
105839
181362
192740
123671
220982
54404
219739
99554
48048
257788
193455
269615
362326
321753
321337
81111
101977
362594
151625
376603
320897
69794
352383
364970
312723
22564
148773
4207
274623
313171
377236
132848
303726
143330
308251
291503
215231
289777
284764
27315
197825
52717
4155
334196
210107
232628
297491
368772
227321
367816
370319
196501
321647
391787
22573
177792
375352
31971
213492
220608
391321
262921
147134
288687
230737
247011
272022
145907
194175
193502
361140
111383
86104
354894
335426
265335
182652
36160
164879
329953
8311
380542
183964
108119
40428
5405
168567
359545
80957
116151
303240
163542
189372
105184
200994
114555
49707
199917
136625
162271
70187
390700
136157
302619
170883
94229
42350
32519
78097
149651
23695
147178
160265
43252
65637
210841
39349
74786
112477
28664
358100
50298
64879
337375
280382
53404
78951
263304
165894
176617
359840
52666
313495
144831
281754
99314
309378
360054
334846
363218
114141
56935
351724
272396
232829
21740
281895
366283
24573
241195
8228
20484
339392
193898
94608
144640
164240
105022
372822
244988
339188
123187
68309
337553
379643
141466
268014
84995
305778
102769
101109
332893
212826
310123
383843
338190
160088
303488
54121
14970
227020
179277
351583
220627
187423
285460
133968
191540
175058
211134
20418
328802
18840
363140
45941
247051
192888
44574
233058
26533
328054
52355
318727
391661
363201
251861
83630
321476
175932
217303
113123
309833
244495
225374
344937
225654
232985
235293
280777
238164
367075
364824
24131
240732
233216
110832
145579
292534
206787
250814
266792
13629
134037
373330
199926
158695
199598
186853
260196
261165
337180
311271
368034
66577
96054
260167
27035
49096
212135
17384
244327
352217
99871
315421
286153
355228
274971
385945
68773
294566
321488
368401
75587
216467
334899
60877
333720
554
223019
185038
114725
223797
348555
46117
215330
364530
140542
372895
325413
228062
245158
212938
161016
107197
53835
212136
307921
299591
245548
297250
150325
356767
16004
152389
313419
317631
307813
36964
227032
334273
16389
354939
22100
110725
20866
111978
172479
39692
290831
169034
27371
43479
379440
188195
175122
260774
123645
121403
281458
384025
176199
151338
272147
283195
327209
103265
320540
192028
87679
342291
149580
253322
12010
32413
47834
262535
197874
379480
154547
35495
136868
233717
211748
354758
134687
133682
388145
112641
210311
203711
188438
287006
184070
344271
220944
332425
186957
323946
54013
44579
33774
349556
359295
367650
359489
212352
10437
85825
78011
302912
279363
11620
96055
370655
144291
167667
303477
65548
347100
213040
217758
81965
286974
3428
66330
352991
39404
220536
370925
334545
83507
187679
40713
102454
181474
160032
353803
127871
220290
294729
146130
221752
47506
55619
308030
386190
311305
97450
117611
98845
215251
132778
229268
363035
245946
146865
359219
96519
81970
165370
96645
109616
302501
278103
154378
221030
267016
180638
168930
76293
347005
945
301234
383004
390774
321758
46804
97183
326733
231200
358575
72368
344630
102917
216730
88144
349256
339665
188426
244041
367304
325707
371088
90092
248500
74025
8024
161067
133249
392232
264834
234655
300914
265124
135773
354391
248916
137174
288962
198990
64732
181530
148482
117268
349756
213244
183586
146229
183071
173791
298386
247772
99964
355667
338482
38542
193425
200351
375960
73724
32103
191695
247579
178634
161221
191482
26748
367610
45880
48636
249196
88727
350044
109647
264037
129529
195706
173090
309802
103128
286199
238472
168449
295951
86894
287313
76905
78242
164192
77729
167956
347631
68527
61608
216549
192310
120566
205967
81966
34401
129120
162560
260715
64015
146523
28482
210338
247181
140687
86877
256511
97101
164003
128228
30353
64796
368892
363769
286328
47707
381994
57417
269516
274231
180947
16881
257450
337827
291712
70531
274537
39557
155771
345255
297031
57614
258307
203069
206095
32073
37866
253381
148019
221711
187191
63746
295858
1426
95168
269047
84480
391998
225210
309953
20247
386800
37741
113474
234113
254514
144645
318177
271749
327033
71241
210390
179195
274188
164917
178097
275941
378658
107763
100119
141537
133488
51343
15860
102462
355376
45561
279907
130468
40099
327261
268566
184480
19715
263267
45363
159259
251988
49414
95904
282294
384587
97540
341840
373176
334505
318334
223090
61367
36428
165227
304682
320659
137092
330721
9948
207138
353574
171494
139778
33278
130158
5198
80115
392288
138393
264666
332222
375570
116297
324591
48223
32592
51943
38003
48403
31584
379506
10511
384461
358371
214300
331253
174342
263297
72978
328650
245955
150256
111716
262734
366977
295753
259089
290626
177413
341685
150695
148634
382284
301917
147609
232033
94630
226271
380172
269266
281560
198419
82178
226997
60499
61798
169216
75070
27263
372436
127266
229510
298213
316024
39255
205158
296188
231751
208909
172321
73453
378201
95307
382505
378326
207559
195320
389454
288747
71914
291212
301471
153052
371541
325022
375443
85576
242333
244759
172424
4445
82204
187425
299424
71945
260887
103842
279314
240769
118849
356805
73158
120209
256267
325159
273050
124932
368891
136659
270325
283081
193388
312110
118391
222798
315750
383034
40266
300251
365848
14144
364507
198077
215460
261470
78584
37248
292800
272745
324561
17428
165580
197061
36912
220748
127052
217337
101357
328133
146400
360515
171017
179816
314551
325692
236527
220708
197581
255590
71766
306589
44912
126094
287090
269351
216115
114045
314092
309106
341218
185764
278565
385206
177419
129969
159968
324569
126385
189474
180665
41455
244455
214579
222287
385244
158775
135878
80655
203884
363738
119653
162625
118435
329280
35954
125836
186821
370113
158329
202454
257197
230723
46614
164569
144847
273982
384982
88629
243876
166194
30720
157250
386279
186959
136363
372230
114410
371275
168544
330709
327328
122169
151422
381326
206443
96324
389275
53373
232205
279863
258758
233260
135299
143962
131683
257186
370191
186070
205523
295468
74859
140408
295802
188377
379736
104675
253110
44623
302917
119125
217163
143437
37739
192709
221742
100153
170772
30964
127608
109496
27006
190568
305010
78206
34916
254276
252126
127849
33175
161144
374096
179080
129274
218870
209174
252111
257599
47419
163697
317897
287508
302551
46551
204654
99131
148827
320940
22352
26193
256675
255952
3733
80963
57259
243213
305898
242546
373855
369254
310662
3359
205892
207775
201134
243805
370156
24840
91608
195672
62759
152670
73630
72315
228518
204267
365820
81445
170189
195926
56588
159813
392211
391559
2562
366941
249835
150410
380384
178107
286777
97043
342400
26644
163496
184137
78623
69051
102129
14932
320892
335221
136679
8534
376342
21562
190071
119878
33149
314840
161417
16205
72136
200106
100177
126521
242597
380069
377214
63554
23338
182217
88093
218468
10381
152701
244349
187416
157262
244512
325109
289633
10032
38937
53990
176311
79972
40616
380500
325684
391441
350975
370394
354420
254327
40865
344027
383864
83602
356651
239197
220046
132744
166806
164181
14286
330807
196219
337051
352613
90856
69626
192457
3318
119289
322447
51414
166176
356866
73660
261990
168676
311243
349906
181555
139980
292850
16064
203382
284432
141043
214163
6850
197229
103150
303682
339222
234962
342314
151021
218087
131721
354236
139685
334916
178572
136558
170784
248843
330650
61411
265029
46640
205216
373631
194397
54531
166686
205197
384185
70548
164787
325115
351940
51626
57976
120530
135043
186716
84028
196027
333562
305037
385942
117441
360593
193881
10512
192494
44962
164803
293516
291801
218280
21509
78934
156929
210530
290121
251990
372116
122742
154326
78781
264878
61474
250147
136275
385406
16471
355621
98030
151748
75556
180612
178863
181348
347755
265327
134797
178746
85784
85060
363803
339069
156251
336463
61287
160612
580
281272
71886
282959
25527
19507
389779
269657
370793
141530
159095
115478
75758
292658
220004
305141
32127
128784
83275
114488
253454
278065
205767
91087
357473
81602
144812
359752
152805
324513
30621
40935
282873
323320
89573
104798
388259
354371
157446
363493
118238
258954
274262
104901
137404
388618
203068
146029
288529
280136
384724
151937
27632
353849
257732
346605
296235
258649
71108
284813
145252
268934
345606
86540
211865
104571
42435
275271
343032
153136
2873
215033
284950
354594
275281
304176
371206
12549
382146
163907
144074
304838
130451
35812
352397
43985
3715
281086
359155
313225
103831
261848
24610
304072
314803
311862
335482
311401
3395
205351
171836
19104
231384
71694
300398
322927
183650
252238
273453
260390
314286
115702
174014
134760
343108
38696
96607
158756
267973
240839
279656
366964
39933
272040
157120
292047
20562
172208
96036
348990
255208
262414
336816
209902
272305
188091
389159
308549
148423
6632
59537
200369
24789
21881
254256
51993
349539
320428
357960
19007
128334
348470
16228
92735
306862
347252
323364
385247
70384
23469
203998
45653
10220
296542
353561
317639
228198
316999
164998
270550
108294
126720
109589
188303
294087
116991
34759
151959
289761
299881
245672
137462
278049
323451
171383
317160
181316
316791
335236
8309
190172
126823
368254
146511
24365
392525
138003
389461
139385
304667
351237
252044
376902
309148
350447
75226
205056
306042
327836
203806
28399
241999
159579
179513
331974
354557
337460
156179
81235
129762
350930
23261
38273
165476
214373
66599
300045
353057
33052
315440
36081
366041
208675
50989
190563
5853
4238
380420
156315
110055
81548
317293
115334
321323
229019
176454
107306
231763
303443
142872
34204
221311
375243
369367
108131
368271
147886
260891
239718
264571
205996
282500
203298
178963
263459
185337
97425
113740
88336
85106
325258
176820
148213
37947
287923
328465
200835
72400
187308
354160
28181
200143
165009
152569
234826
37922
302428
20006
111423
212617
78975
349201
227736
330594
340919
196742
236368
308036
156652
177924
370095
17612
309055
60735
288800
132949
223694
132280
249311
292085
308983
98670
335127
230784
187955
69067
268690
97387
310632
362236
243430
319106
23348
103893
259924
205558
298335
35405
294736
218643
362117
66973
81340
186915
362553
252026
269612
366301
331285
229752
27677
119623
107032
206248
2513
251631
5654
31276
72346
1706
22331
235500
63117
295713
148390
302890
364109
380617
359266
339572
256665
130449
47375
81403
205822
191350
39589
124033
10454
271800
361347
125916
122066
169489
388701
67748
272344
388787
52574
279292
94571
263191
306570
20177
289513
153257
93719
177113
313397
335062
280198
307196
42674
82880
173200
88936
281542
352996
315718
88954
35477
346382
207221
28956
239501
279254
209313
82592
324003
162256
361632
221395
46508
338092
168862
320693
170843
300777
132
41471
61160
190174
245274
328267
292584
1386
151089
237047
85038
82972
178738
138664
196278
314800
213590
176601
304660
372997
259025
241608
349702
60991
128080
8754
368149
348597
250100
290542
75250
132135
63334
126355
341613
239572
330786
304470
13124
289978
8332
358832
333661
89170
390666
142351
292188
361090
80210
190804
376764
312250
327349
195723
51038
226100
3745
11136
278167
257134
325808
304245
166906
371335
30493
138755
65737
391232
344720
234621
260448
224016
58856
375925
33285
268117
98537
45160
173756
237343
217
16425
139267
323393
47589
303522
23787
366939
116353
261521
24281
369800
451
368141
58470
308584
130280
161257
123256
316733
361941
329746
391410
307322
280163
80875
368910
301272
102850
10581
90963
99361
371403
358516
380883
349453
89200
87279
346339
52570
74018
139865
390095
302462
339738
180529
232362
265932
263965
112456
87092
264263
181542
355136
143322
262309
214205
193609
215434
354965
149044
52477
160229
187222
358814
193644
225365
216472
330278
90206
99791
300795
329402
207564
339322
253202
352352
195349
73494
349340
180709
359227
221160
98851
156157
40668
319060
318841
29422
44314
260818
374345
104044
74246
100922
200338
56376
366443
107320
345917
131818
315855
245174
372080
383131
329306
302670
154664
221791
22131
197591
376071
218040
138609
313449
40109
32562
381387
170806
134094
227031
84454
26625
75022
328089
174588
301089
269674
331530
325516
458
181232
266622
80647
12835
388328
79546
285218
203766
367992
116724
46121
43691
259351
26681
320277
374575
152630
143894
384455
110005
213540
253925
77517
332444
336236
157108
243808
362460
236485
87987
309118
232740
57552
188348
131679
23102
123289
246942
95130
270715
114453
310310
99602
20589
120698
251394
310350
140101
385362
1085
61094
11721
86801
182664
302250
203040
65707
118718
142222
100912
17736
304479
199663
66691
165177
161012
102025
24683
379973
326356
224621
258478
19133
159853
267229
222441
134032
351899
180923
25483
339504
350628
379611
302952
10136
27119
339858
19333
329455
369058
190859
343134
366503
74627
385034
5251
268541
364062
104519
162579
66997
225800
78507
302973
82519
318253
111106
215167
243289
145481
333320
268421
95032
243993
6963
84649
289416
72975
363630
336386
10676
332088
160281
375576
85382
104043
350073
35872
289019
373548
8830
218928
64608
70242
275567
150892
223331
50016
102493
312846
8322
186300
297917
239729
133578
269567
313520
353130
153066
297331
230690
286232
319084
51499
152685
203786
340895
373191
258502
373751
63732
49631
103802
33764
315851
157264
176417
37918
118558
214903
56054
215962
286633
100010
252105
137128
284748
130110
357038
355369
126557
79222
32068
357322
314484
364802
51129
372376
16859
238959
158083
159175
223148
330581
317766
26908
33572
214271
278369
257083
381146
87170
157079
343843
387518
258533
233812
190056
138242
81814
361280
342530
97744
191570
361813
291006
370804
150341
37071
67771
71596
203829
122054
146105
29199
244996
230736
127438
361120
97969
302606
230087
384984
148371
182214
313459
54087
267413
100049
94845
328972
337270
169631
184057
296935
363056
234430
210533
73026
156286
13208
121747
385263
178731
236637
45034
77500
169642
392633
29516
331945
66570
137403
374155
363760
148101
167072
364720
21067
366668
83871
242150
268952
21530
326645
95824
235657
99328
77889
146371
312181
186433
177325
147469
199450
326343
265034
386626
36346
191090
213976
236859
182691
68347
353715
35713
392388
57566
94054
192879
173019
242875
199720
148137
384243
315093
376420
35114
356092
189821
183926
168133
387390
150990
73877
310834
205506
41597
168177
41194
233333
373261
360748
21823
297625
44511
375000
156178
161886
230627
180627
163880
92915
217300
19049
227944
351247
143493
195044
99573
145260
28986
93751
86303
333028
225999
365971
20203
278354
41948
37626
153139
323387
292338
306540
9734
249220
184054
341789
330911
90379
335677
11595
142734
285707
16060
254686
298706
205470
230129
150528
159545
392263
242714
152135
127192
361710
237477
388459
30680
312130
26527
343417
388063
176158
329817
102141
294366
337981
315827
100832
229485
182489
387039
342369
344021
266218
170880
306181
178272
40262
349095
99736
256207
342691
143910
337531
167516
99530
324986
166018
277170
260700
315070
60603
151354
50281
362255
321575
273570
163835
32942
344892
50038
272820
337171
333062
99518
110347
109897
267847
82874
10542
188409
20303
369933
182783
95962
192956
281801
391621
333558
272052
31254
258428
8516
367232
343496
74164
322244
315074
78000
146802
213969
183333
21807
318698
169148
192724
239471
25381
178860
96167
98253
195894
373458
185536
330365
59285
49290
265811
198856
20941
54939
372400
117731
206681
210505
232303
161777
11199
236015
37345
314485
300803
316281
369375
207625
301032
82585
32923
265417
386758
326217
346574
164594
15921
48232
81693
387942
204017
299381
367287
348948
123210
380793
334192
248793
28196
137542
34463
376098
65578
57627
62969
86269
129313
223975
378643
379448
159795
151683
174421
229175
216443
38087
34440
29430
144044
102458
278125
366207
157311
98008
217653
134863
329508
338579
36755
110730
182370
114947
337641
24949
325641
65606
56162
62728
145508
299610
83818
41803
267141
357791
218432
7770
180354
323980
54431
251269
275988
166661
282001
335081
320550
159643
142564
262375
311050
115109
379821
194520
31708
89207
22321
109317
217837
214060
262467
231154
205577
89464
125332
251365
307519
241068
233598
248298
279696
257520
223145
96896
207408
60199
350385
264615
318648
114001
105280
220173
145125
176771
312588
183981
14848
114781
31159
207843
312744
79195
241397
289420
346591
366972
79663
380147
251174
21902
126089
259840
253802
263605
109988
373480
166802
384989
269961
330577
44207
194594
44264
42686
340953
110161
135292
346639
224872
176273
390285
92193
23225
279063
148000
203640
33124
10958
213101
364149
178350
173972
274984
107642
232262
50102
158970
338459
12876
333963
173086
340645
292147
357847
370741
289361
361491
211358
325358
319509
328983
193260
158568
32571
51511
177819
391638
158511
168850
71988
248682
310429
62530
311179
325024
169993
49206
271067
25702
389178
312023
246430
27945
348385
16098
235730
392171
189956
73867
95640
336079
325504
34847
311935
221635
172257
284857
155373
317553
58539
131544
139949
188189
280148
268739
48903
318137
101361
208043
208977
185195
108998
175676
111168
256321
26395
264115
304995
383933
32584
385431
219488
208063
21717
117021
208832
125513
227721
392286
80225
379319
307634
104956
198372
24034
294181
171800
227148
215519
179639
769
260614
379067
294849
193491
156903
9926
232636
158690
314422
125474
367356
387353
334571
170311
51702
179496
35521
195207
306386
269883
188880
285365
308510
354654
191648
184153
212872
167330
312592
341948
21058
241638
54212
353462
350081
80349
27210
130247
274661
212465
375503
134624
173965
279606
319513
5192
265731
91001
323129
72914
130164
109577
35358
12541
112038
85928
177975
338927
231074
228990
114631
263109
18947
95460
379344
267083
135088
90992
322895
170424
134986
302375
203952
317403
173973
343453
236439
261762
306832
356272
99946
271451
207536
339669
172136
229798
387102
360425
229122
267746
50419
114738
390122
65103
119687
335788
221659
351619
169455
4053
65856
373146
26629
215397
43814
316866
63627
226212
308388
381432
248685
118531
38803
212570
201941
326056
42004
47243
126874
38338
295511
282573
205920
386730
162147
277392
81165
10546
391784
283221
158293
195569
349102
207342
78100
94007
361756
185878
179280
228841
212252
41249
358794
354051
73701
74750
384808
220213
94536
374115
251798
186287
324524
247260
258756
182625
163218
228489
2302
148208
325463
165862
176561
274435
219210
36083
177622
269637
1766
162892
360316
222935
98551
179231
196960
295950
154498
348974
324237
191451
171173
72344
105887
314594
241936
276114
214959
282569
205085
9273
285409
100330
29161
365735
337452
370796
327589
71546
53625
237459
338246
208335
172233
258442
250331
309881
365877
324036
252837
258335
40954
17111
367488
188398
245834
158929
77522
218728
197981
152942
142750
233615
69898
2555
321349
47896
116723
383589
7259
300604
232170
43055
297349
271061
235624
337372
114420
366066
122832
44852
186253
130336
369632
18773
202189
298475
61638
368207
282756
108827
108933
71540
107734
224924
257117
269163
236397
364691
304029
153432
129390
341266
76580
289647
233912
348610
381775
340419
3260
244545
147789
139188
200260
268624
51622
224128
205021
215971
143397
154236
106246
149729
360405
264926
131698
88984
225352
189024
267094
385979
52212
136412
59907
72758
67427
98105
219877
220333
392519
285859
110934
317277
89120
123830
214687
266745
355819
342347
270915
92218
294248
267815
2810
130332
241954
6086
65361
163529
62506
130305
246877
232105
223952
300919
265423
281377
69869
43671
89608
177793
22479
244461
286058
202498
369890
129207
236067
185518
384720
330111
388941
338523
120529
85628
276487
354745
74363
391721
207802
21864
57589
135258
267296
340968
342196
119592
74181
288265
64312
345261
295105
345050
131364
253469
287427
176317
213464
172410
18024
14299
351815
332964
171140
139622
296273
122570
254488
364974
325735
386078
229808
72713
366955
234782
342452
202628
169179
359338
339415
224211
275693
189250
311762
267963
108133
120450
21349
20011
278465
285714
361514
382876
49148
212807
160579
60592
350225
302019
54228
7858
75186
147576
160847
259606
119510
119145
223709
74649
342054
224210
360241
58263
67419
297381
158638
186796
304031
22439
17543
123313
68138
253115
57664
135054
385042
129151
216183
324530
285977
115706
331423
287484
63342
122060
152753
380862
126707
49702
5263
151611
191029
66185
97906
110030
102461
226385
312729
188338
89299
187255
370359
329732
151634
103962
175231
43336
387057
24460
96116
21047
88160
240010
7578
324815
173768
184919
59490
265779
147570
8375
59700
4873
332445
91019
365549
84659
143088
204853
144533
108441
47013
325613
328198
384198
302866
195205
305911
132150
186418
305992
264041
330757
376214
391462
120561
105671
371558
185274
166390
178399
347533
354193
249492
38529
310483
378636
175110
247041
359145
186697
178543
311210
50374
118917
231833
217693
188444
325983
117777
41831
62244
369983
96043
174366
189014
364751
390383
253619
240490
199830
81902
37294
363610
177349
107984
278750
223199
179460
353319
343577
292834
83943
328861
297707
392004
166557
179984
90020
67194
84248
14949
14699
251176
329214
310499
147614
115532
310701
125701
40254
244909
60982
259520
333295
197399
194569
300088
352942
358574
1587
262326
280775
86258
57597
5685
204891
152179
310492
114166
190604
306007
107313
344192
243824
138130
163289
23910
251465
370392
40566
227890
386760
42998
151307
60448
336423
303006
194616
324247
69015
274015
173892
361481
7932
314161
162896
217377
148645
184211
347198
206453
290282
373165
88288
193918
284851
228403
296172
364882
310156
108769
300740
119888
144364
71129
271573
211017
234630
145175
168857
299790
260761
300478
2687
254865
87150
327022
197423
155415
282154
66836
73141
256286
197357
39282
280989
36176
277277
207796
107610
83173
118701
82128
337736
330934
40355
263516
176581
107951
190621
208995
40114
87707
9953
141975
168021
93189
304632
291539
154876
12060
198117
8794
202288
164139
237552
200529
93221
194823
20406
141577
263760
366731
321016
153050
95907
85123
229181
344578
15314
4855
219958
269252
186759
349307
177135
127772
102253
15727
286299
192418
134251
338645
115659
389749
231976
156408
310097
241318
158328
203560
283947
144454
274825
273225
214926
37665
10398
89784
355038
66745
279875
285155
233438
331273
352683
317801
379345
327894
331522
274407
99961
49022
301659
97487
140474
161740
228356
21278
177548
386483
360092
263124
37239
273827
166463
224392
239968
146538
362444
270548
52878
243437
198784
318400
330451
216095
40325
272861
107815
211171
9801
120599
177210
287708
161522
53096
177401
250493
118020
154832
201425
285552
258031
388533
188714
143582
380868
370239
234938
390498
377047
34632
297353
154885
194771
320954
376831
58305
215529
95581
232428
103461
266164
208161
143799
390453
168365
274569
392590
71019
391680
363146
194096
199014
271873
190988
104471
300925
264122
158192
302743
227744
369676
339817
134862
208758
165799
188873
382254
373768
147605
90430
279121
387244
376356
387849
86939
111333
201454
123388
96716
265478
162118
324085
325174
63466
370449
259551
95506
346332
232594
303314
70717
357550
301473
90280
90620
215048
130378
316782
158943
252216
41633
31706
314566
128033
283699
362107
225806
148808
5308
130036
163087
344088
255145
312983
243191
218565
122326
65588
75694
12333
87636
91859
246469
321255
298005
312354
186138
157646
207335
157904
57099
178013
324910
248322
359288
5174
367025
116003
153254
5332
325839
278435
201244
85789
382449
197290
296471
185832
219886
193804
304254
221918
201208
213569
169102
238829
113327
238262
352097
210870
34802
266326
188975
151420
80172
348316
382123
16113
146501
71773
87264
276433
9352
349225
351659
40859
111128
148494
64167
175826
77483
136395
286386
281623
85686
128485
26472
83324
236816
13495
293463
252501
38878
106379
220191
112120
378487
229786
184986
250625
174945
247140
190737
150647
73773
158233
218278
154473
362144
185418
34180
153844
193002
309890
199472
151008
223643
191153
330096
189816
159252
132611
250730
149339
302679
86805
246287
392318
56946
342779
167265
316619
37884
195202
5669
340283
212393
93839
55121
74878
72482
387222
364279
218295
87582
265981
90205
195842
289759
303056
330703
251665
316328
160997
57882
277531
236579
271140
260219
69885
381857
144700
146417
147244
352785
205795
321780
307476
101765
163147
149666
157520
148615
146118
71069
323085
272982
340392
389528
277284
89625
316341
159707
194294
57637
216125
36764
5404
97728
246847
15220
88460
120500
342578
378302
163608
248424
284305
282371
297787
105889
104348
133293
178820
356923
316711
204019
224506
24565
208803
126239
100164
259267
128869
58591
86531
342523
205366
269923
345152
244114
61506
354256
84164
325268
60384
272857
286224
360387
312128
3295
249093
112163
105299
314256
192347
340039
123045
73089
263370
238220
369571
304533
100700
18647
280587
135394
284279
381009
202602
142922
118055
89317
130489
389862
78173
314690
380124
321619
19979
90376
173423
320689
211885
249069
204603
257975
238319
146251
282272
308005
7127
327145
358624
304433
216631
199820
392304
171207
344432
169319
383863
329703
93483
71035
335196
29684
235964
287735
274197
371349
373389
87355
138630
116113
185480
207379
146701
141528
230688
257925
162378
80936
188807
37298
152447
310472
66100
63978
8834
100036
331846
291223
104981
187843
111669
336051
51716
314470
136964
71326
71689
28308
12571
359077
300773
303155
43857
130389
201055
274196
279722
263279
90558
72521
34207
126921
131897
158375
85741
279711
343806
88191
232066
118455
367716
5692
265240
309902
126559
12222
83538
71531
43193
150181
15824
332338
335477
135293
217666
146387
206887
191562
366336
343209
3655
376732
343265
138412
254705
318467
183449
221027
194446
108585
145541
166057
284695
145145
270749
224863
52420
237629
49168
9927
378692
238522
72733
366253
386971
357994
47856
275433
176753
142078
104914
29044
97174
266862
98370
208002
325604
225562
39951
176911
52739
190455
331376
138434
108574
223326
184607
374615
182575
16717
220071
268823
372696
302010
348030
306368
268877
345981
93415
17769
77185
362037
77289
181882
248577
247748
56524
256811
108511
299022
197140
168247
87014
117881
367034
162458
231258
79085
252084
86045
264996
140329
257923
202032
106927
379385
14828
39489
113821
316720
372304
63584
45082
57938
265362
217853
285329
198035
61578
252706
386501
48367
295237
130136
357605
17631
131286
384588
358178
97352
240797
235608
346109
148297
235610
326256
170038
134883
205013
306721
913
114755
155700
347033
248680
383624
299336
359423
18520
115809
392646
279377
212355
377026
204817
68949
114599
94999
166247
232584
32574
125392
72308
306461
81326
334668
275037
60270
244328
308337
363009
28600
47389
136257
250363
196760
296681
87117
278317
6789
238274
22878
163283
292398
234555
371130
390196
67112
143189
286151
253589
49486
186922
358851
23059
336616
13026
241649
120884
47205
163992
97207
46472
99772
238150
15863
376537
261492
76013
388697
391844
321497
297999
265333
355821
51286
25924
156634
390589
345687
244364
218408
115710
3354
158040
161411
269776
27112
20513
182856
224878
115569
63500
84048
349080
61617
307554
364615
15823
252688
149597
5913
264402
225048
145993
29291
212188
106777
241589
218260
364381
157013
6040
338038
171110
285653
256913
160180
346077
72354
187936
44947
228802
196538
41006
77574
95714
332144
42321
247154
375743
228261
261647
154931
132968
373594
320855
224274
159943
196946
1564
260347
361897
388674
103079
289606
270362
132918
328585
206539
387397
350340
367988
52943
392475
62311
231319
360832
216888
170335
241605
68823
174712
212748
195665
260318
158544
159666
308386
352664
30926
380107
336750
16310
294173
343005
349309
263496
160148
160413
281706
158470
101121
270903
94701
77215
249118
292571
384422
135747
224081
358688
194688
290007
152159
147580
295598
135039
279065
124896
283497
359828
267169
168329
152057
331385
81908
336497
345030
366099
321864
46240
82727
368189
135866
124927
320602
282114
148972
173417
363271
49458
332943
273557
313524
210755
9915
274844
203246
213493
234959
49060
303690
203694
173439
207572
35853
356894
75929
64843
276221
291382
36954
337557
113873
159783
247680
362277
278323
227977
46641
171835
126961
86361
308054
270586
354574
236794
383249
169449
241542
291569
110296
233468
250215
368452
327592
341468
230405
363575
143122
331722
192737
72940
37074
43722
168138
316462
215275
311688
113802
250881
128109
4645
89944
117921
296974
73955
15271
107831
91167
343049
101180
181137
147192
366976
365672
276418
80615
47498
306576
138314
1651
94290
74614
324925
328399
308743
107085
359138
189367
220245
58350
113069
315388
173062
385822
349579
234384
179508
178400
177486
391467
5868
353586
330653
289739
291555
155468
75943
49794
255554
61118
64828
113558
30423
326294
281981
21258
369019
92119
96875
308224
233167
273074
234364
108689
267549
102062
50185
118454
188636
331150
296039
345171
11407
202447
327921
285805
154170
390060
30453
10406
238495
371861
115376
369540
169526
215439
317382
130191
355498
22799
269077
154908
343541
189699
317050
363302
295004
111416
87318
176283
298802
379490
289705
279255
362123
82333
238722
38601
82436
216819
358139
85334
232225
238757
148378
285351
343840
337650
53193
123212
289460
365864
386731
147921
383895
344448
191191
358869
204697
378454
16636
230612
262217
168551
206938
190836
10763
319858
220977
342926
109715
49968
140475
262380
359088
382179
310105
128300
9130
376760
117366
169975
50674
334376
136998
336986
366602
323042
169301
199235
350888
91067
80145
206567
121290
149433
157265
292689
362759
765
309567
353578
233664
295402
352454
271113
52492
382260
241886
329604
243972
153266
392249
204346
116855
370417
187059
310876
71348
368098
55672
317479
290202
259521
72524
147635
54727
251217
363159
380584
340625
57368
129638
376330
241302
336053
76547
376278
298246
311630
311423
112366
343644
121271
68186
125253
245827
92589
224115
81891
147722
215335
181409
308343
115458
25894
36251
171372
153211
162512
289776
4531
54973
196986
359081
121289
196698
168445
64789
206315
205999
154633
341816
367776
234870
17540
272135
242608
234436
361474
346216
96601
99572
42488
129897
352485
387389
115273
76514
91812
86440
212554
352082
159694
160419
390809
277095
75060
278286
167063
335341
110557
243701
219394
375147
2328
238445
261157
184912
76989
257538
386258
84258
348022
86972
354614
36725
263924
105492
269719
79966
270308
15892
79407
114718
343518
114149
251618
60514
29394
340870
174
87263
333490
392663
125887
123214
81153
265350
2835
346790
81372
108695
177324
376206
21581
334599
24234
279044
239336
159659
140667
205613
314561
206900
317949
367541
356647
173849
298906
86641
104031
8021
240103
32749
389718
174783
355301
319568
182416
134149
165427
378555
260632
185019
108530
320140
228642
208110
72193
165069
234418
325304
141310
61749
183934
45256
194937
318048
80726
271393
347565
215012
78621
16426
233324
190470
328449
236255
83046
12961
193463
140131
301678
363501
11041
293327
348323
353267
73430
385029
279407
51287
365342
376601
17900
141616
8475
305990
392129
17346
391974
165620
201650
270549
389986
297778
332132
354442
59295
114926
27731
126277
275000
285921
256161
159432
359217
35181
311504
28715
384905
237915
10823
46294
276147
104039
344273
194304
95832
297140
150121
286438
242414
273905
75755
253345
299195
53006
160309
316825
58557
376820
137836
207228
250755
138178
131058
135699
373271
137771
348628
346981
63593
278536
135715
48071
280139
39504
275814
199017
123258
360205
213907
242135
174162
382865
160322
358338
47086
383539
11427
89520
275137
278316
122376
99962
211182
10068
150132
125561
354378
204474
356407
284942
202333
89358
53004
295493
316056
252483
186406
274526
284476
352054
318336
267210
131906
152717
145995
371332
78544
390026
105028
20490
311269
66314
290899
331431
27662
48756
22438
283130
222136
226000
105695
284225
47832
274089
193015
35534
115165
143126
75949
177752
180277
118942
281363
167134
339090
158636
8210
305743
149437
130026
43296
61456
89111
287853
107743
331230
151613
48468
115367
250068
130177
347826
312180
289358
317806
58911
156836
24590
350797
292155
297469
289995
175730
263989
81252
78778
41301
231773
276464
212137
153889
372650
228775
123537
7141
129856
334487
237843
279597
376375
3799
5237
28720
374978
212762
204358
50854
101407
68476
215171
370479
356728
108535
178331
235562
382957
87118
68751
257430
345924
64621
24393
390050
386017
253186
159121
351618
196550
102474
165540
369135
40913
13227
70078
324765
140483
247411
49061
187012
120138
336393
377440
78844
112832
202351
238975
156202
392684
228197
210208
354761
204857
35487
120148
359766
146103
375795
185535
146520
32287
352771
349485
379070
32980
199271
239694
301528
107209
89736
367539
197647
269197
70214
80018
136305
291196
381477
219125
93638
253571
59356
204380
267994
196196
322931
226360
167770
368818
144193
342540
317067
329573
127507
260244
283269
156328
310778
7596
214043
379661
345138
336216
88055
334191
237928
293156
340942
171291
378375
77394
373885
203615
100487
181357
341467
290529
11010
192081
132699
371686
288410
236750
203254
275666
205447
250262
346611
43936
278918
1023
316126
375953
121447
20032
267225
387534
194100
116303
311230
366574
327178
326442
336543
237264
282311
174843
100143
332396
250171
205647
88758
240242
93963
357168
19499
97999
384412
361281
212684
23970
155416
347397
112346
277195
206042
71036
25208
221101
271148
357759
389174
47023
258754
283363
263256
52322
184259
273378
175317
327763
286262
17407
68224
143014
61414
142017
83352
41817
95968
371728
259737
16885
187231
342781
139380
202664
220386
3574
224270
293755
241352
197152
47318
101728
66489
210042
237747
226320
289720
368003
90018
265001
196099
19197
262836
375193
103546
317337
245011
120050
42663
376730
22000
232945
347098
319273
359800
40112
98434
312873
227734
130553
49177
172721
191336
342005
111701
102423
310380
330266
137147
338465
250221
187555
72895
217982
166921
156526
17026
267773
230807
131031
126133
134627
53942
321103
230105
86203
177173
41639
117578
119962
72931
327788
301196
46135
270167
300099
108206
294805
356782
250406
80585
323232
322717
101093
376895
385906
186045
388579
154614
217733
237792
243497
277729
5613
84343
228541
115149
116513
112920
125079
57061
283522
308273
39167
359652
342111
312291
89648
80724
109671
279419
370342
123409
173794
247162
234041
222518
90038
384761
99902
278315
364360
306593
100628
133959
181340
34651
335399
109733
251021
292365
159838
289922
290328
88611
6361
334279
114850
115496
36900
292131
70268
320505
112303
261756
208864
46539
315418
128597
184128
181515
304529
324502
258946
354159
361256
304409
302443
17548
115935
391951
343277
352032
5536
265927
168162
178437
207027
253816
244235
2662
385156
388798
367854
36206
102896
45958
375794
81411
58296
183845
361739
102128
315905
214504
328077
36718
84215
57179
113947
314035
50118
224065
223006
164308
64716
388009
65493
327452
177780
240883
262959
16001
69404
140629
70722
145221
219045
297398
116824
187650
164592
226897
312075
312487
214611
240545
365440
101066
77052
114991
45661
324220
155132
185957
46055
140713
128530
391561
153422
105149
18231
218089
339714
111410
235773
110516
246101
87531
324766
311039
55020
255685
222031
136384
15710
299954
130253
74536
41891
220479
111349
73024
352141
27616
87564
271346
139302
207785
269066
74486
144719
142449
133681
161831
362970
329895
67321
145914
107178
359498
242382
147679
297761
242283
391611
94025
177203
173099
258299
336916
161978
161541
176709
232723
322870
310518
354580
185786
142490
175079
95630
35793
342633
392248
390711
8731
194551
28332
86065
18327
150870
231808
33122
392492
103843
100147
45298
304041
333658
364254
32940
315460
251141
337137
280072
115010
221799
204127
266976
51679
357040
277298
256746
200688
295575
138222
371527
67530
260073
262487
357431
176150
286413
166586
109202
272067
53368
335999
347608
320179
255133
284110
385838
15981
92108
370115
141624
357798
340174
276420
385924
107551
348785
126377
356769
133169
19199
203087
95189
230588
50074
138918
96852
56164
245186
16676
129551
332626
272272
149837
133783
218567
35342
316382
83941
294132
273188
262143
158436
274814
378560
52038
321533
338462
41392
212386
379730
63422
350861
330813
61272
310254
27462
235158
3321
280836
177992
361650
64324
234617
360192
17206
64917
43159
332985
248507
364574
363665
365205
92062
201613
322029
28706
283680
339479
390848
171588
333443
243418
297405
390236
295228
371845
221816
150173
28719
383825
363681
378678
264302
348484
324901
130509
18016
167352
227436
361915
58913
374109
374241
75245
163564
330140
370370
252514
231137
290708
346033
105650
264445
338074
337571
190658
91418
12635
258138
305163
262256
261237
34487
7489
304385
13872
141699
151853
226725
153793
67277
250526
93754
31172
214256
357886
93216
356609
293929
62861
155120
95097
162478
66042
53059
183377
54143
284498
207089
366842
216817
321312
53261
12056
42476
298435
350327
166255
47006
198500
309248
125498
80525
371880
244473
42509
42074
48943
343225
296693
346394
121646
201658
33903
294331
43605
33410
1255
383751
105368
141004
86298
163281
381079
111283
83431
367244
284848
196881
284537
41941
68704
18890
251788
278809
74321
139071
38530
184482
187736
12282
96220
162636
207698
147270
155903
137683
193572
237761
4085
184596
50598
308241
228300
287469
327189
184017
323522
322077
111915
366975
58941
103352
116907
77494
287926
90259
294347
235989
364124
117817
175209
47682
8291
121526
19643
105255
213090
135426
239914
261663
55227
313051
58555
10865
281743
243217
74992
5491
196117
146611
59406
47654
228277
212078
110532
142681
183195
377375
299272
115693
178607
107841
43672
233019
321197
198708
49377
379462
74332
168324
22007
165100
292560
150704
158047
202586
288832
299376
374329
283796
289412
369604
36702
351599
225766
272508
23112
326912
170338
261450
307401
239056
206099
288208
16070
295405
166945
189610
365272
5135
101874
145519
360232
117824
141587
170964
34331
144770
55906
83262
88132
20659
180046
113776
310286
324194
172799
77438
250447
53543
112952
378512
44009
128940
367900
53779
255596
163354
11643
356364
174713
276163
320745
259285
277768
169846
79865
376956
326350
303980
74482
223435
239059
506
387911
134904
179953
314172
207736
333823
282792
383397
238955
273511
381073
121998
151106
175422
25634
208499
136484
317477
224949
115137
285134
265964
118915
319460
252020
267522
234922
288652
4373
360757
382384
97782
346479
358246
120998
47276
330228
344724
178818
236842
136362
350783
165163
346810
358325
330137
385858
250986
324792
345367
94710
252131
336058
178317
291094
258334
92752
229698
192612
89667
14320
294879
355480
130576
248670
338408
43721
84144
319112
20978
12816
151052
60613
305507
8624
84478
168593
222740
276131
367791
262477
297990
361673
214621
93785
44458
210741
6885
287617
336108
107509
247397
149399
48815
214297
276137
198713
120883
21410
235068
353614
344542
195325
163716
5371
182563
159071
44065
58844
305445
75685
217557
41515
348142
85279
30567
269975
266031
329578
126209
257505
31536
103354
353272
353500
17908
47429
323397
371882
24522
231861
318752
176919
257096
86961
185059
224465
183786
179933
146112
391359
258605
253902
71906
319937
95546
383352
81091
205976
207081
113632
307527
364411
111929
73418
185450
101542
49271
129958
314163
297799
162622
291997
233922
246458
46364
109664
47776
144258
320173
260105
277752
46671
303037
87516
31118
193253
109889
219841
112648
264605
82098
374606
264977
66407
237369
286858
358266
339591
386428
281954
174667
216560
190176
218208
108711
229319
365194
207300
65724
226207
308974
72289
84983
96383
294103
383206
66602
31446
181917
256301
152856
333154
15338
379651
26743
49065
326485
57198
223129
73933
379958
327587
238846
56956
119062
236597
110826
60716
267514
362126
298842
102490
269668
382667
309675
201251
177376
167262
102986
115468
110064
329130
105117
311219
380721
21400
14787
8455
100366
125337
178769
134060
152563
176375
372432
305625
292167
8076
94734
346283
171315
209252
96416
150038
280604
297045
242523
271099
56136
15703
331647
362995
362386
248431
15720
268768
127853
390343
21221
126498
291640
228962
126432
325884
107659
137601
146949
254946
8626
384819
248461
61096
72709
274189
373906
9626
357775
380720
268876
388202
333477
338088
243326
44344
138192
284966
140930
294092
169131
358953
27183
108325
103563
95006
79053
343058
277991
70096
176636
140583
13607
205521
311187
151371
200133
92462
62685
340305
12265
31442
312711
237527
121706
130725
344064
278442
295159
133444
9066
236840
5056
133276
355705
140467
194999
66069
284755
285335
69612
192675
383557
53614
150934
368291
377218
242797
241540
159130
256898
328498
291354
246887
325330
264889
244000
236558
130440
137632
297818
270357
174742
293618
240916
281586
209969
374678
359744
268373
229042
112429
135775
318864
130494
106128
237319
68382
367004
102424
304145
110807
75569
131495
239810
345366
214770
67314
60415
47114
74927
66234
13008
327138
213416
251556
297375
95660
307640
273359
312705
386122
187617
64119
170725
204342
300862
47241
269005
158457
299502
67097
358764
72594
169931
175700
116407
55745
180352
352646
268972
304033
195762
272397
177673
369176
40908
28321
270709
181426
52652
362674
253537
337214
182378
99593
357467
122149
207973
311435
385664
110248
273911
179559
128267
145998
21384
285037
43696
41791
254351
100777
304690
66673
149745
149262
392674
355934
28534
88734
381666
9091
330660
253112
360492
79570
203954
294183
271815
139182
208978
82816
363130
107513
222607
377200
66758
299967
313836
93666
77979
104257
377808
59765
70181
299129
61012
171067
271599
302688
321001
61002
176377
265061
316525
273060
265954
125792
9448
159859
322851
288641
278394
135729
296802
117630
391802
176603
143059
111652
384162
183039
58633
2156
296994
278499
44844
225162
70284
87792
9646
364108
181959
234289
40193
372551
10392
11024
197746
188878
35661
326396
181172
42478
83930
117106
387797
28063
391463
76336
268772
129457
153053
338809
223806
294742
181590
211213
392529
201897
326862
355035
243734
31889
373258
176768
338469
90545
209251
110289
343683
266275
97688
147685
161341
6778
275495
374335
216098
495
220531
203466
96541
60239
240636
329997
190577
124484
352002
67293
40533
106015
273300
164318
233609
303699
227349
49090
391333
25835
275572
15836
149978
284200
72813
61343
344843
34761
357736
90653
196970
51085
346372
362061
282533
29746
72484
42251
303832
235535
289320
171481
214797
1844
294846
69187
238471
329810
216042
353657
299404
28835
253371
319149
65765
96812
23780
159285
175132
4317
45739
331706
195897
244735
13319
168448
108434
215348
109995
169182
96430
213251
341292
74732
236722
307643
175070
156884
284952
369918
242946
268950
255080
191138
333780
288942
82352
105398
87885
82052
254347
356153
368719
269102
214776
154906
94690
264681
234968
281964
321207
354918
7640
150757
67737
140908
190136
169984
153954
309783
311780
133613
8646
300962
152625
164973
341907
176163
127195
238396
358649
7697
210196
7982
351394
210060
177023
161352
88307
248091
282597
140356
339435
197154
47900
337251
85227
177653
269222
348292
48433
155447
372896
68890
272972
290911
245351
167221
353237
176068
334905
349195
177883
238058
32636
28288
120491
283270
132757
311356
181529
137142
388383
37289
212266
392466
170980
186622
96530
240358
367531
191909
285870
77177
169738
191306
162529
256775
370788
68523
75147
104877
325347
13404
142578
374352
299785
233821
149910
229087
121590
152467
143417
7651
234888
224596
313444
198762
39545
88762
373407
319928
130894
174744
231357
82007
281812
149203
289584
271511
151597
101179
172966
308158
227419
371580
190502
346467
122304
210373
75253
365433
145263
289583
340310
331288
99901
4958
266804
67902
76865
221477
140747
35565
364813
150253
253083
19218
359532
147980
180909
16666
293901
332586
85862
216047
344593
373792
245829
285467
162526
371229
203082
170900
388079
381759
209492
209952
247264
95697
164052
88499
329098
156871
267058
15545
216500
132847
143403
296196
61995
96758
201111
347001
52385
390758
35819
268942
233467
197261
258471
317088
229637
315879
359239
264149
444
278687
296975
27360
387566
152917
251030
63877
392294
236107
321087
377606
312036
193555
4800
67775
100421
215663
391980
188125
54257
272914
363675
302532
377942
49916
70892
76476
130674
83688
196364
128745
163075
108274
124255
171298
137267
298859
69667
207750
68537
217169
385676
223075
107475
68014
207731
92534
292674
281223
301356
319422
256537
199762
84026
51455
169027
156229
61678
156213
23052
179843
46593
378006
47858
331171
135867
293950
7862
183144
190959
319749
131202
117252
327288
163231
41209
320365
133496
349141
392292
115305
234533
26452
148596
277246
62689
314297
264315
254619
34567
321620
123299
180623
179223
31890
97581
83251
331001
263954
174423
150515
317348
345736
209246
276027
77635
118390
225000
184982
100303
215100
391504
299841
183175
381927
195402
91761
282921
299118
144171
323196
332426
91936
183316
143612
343804
381749
285935
123059
218025
139494
357758
187516
64953
381033
58204
181138
69441
155142
105476
170986
301191
73639
291826
71462
135605
154886
351783
144587
87188
237046
303421
311040
5155
261961
301212
349640
32994
36826
107411
324343
339173
