339912
107631
44175
116061
346314
335117
313852
91635
98368
234118
149022
194530
127031
147265
390633
234752
222984
235307
223689
310972
238884
164695
266320
118284
120055
254721
340696
156132
364604
326696
328269
363246
248773
278735
299950
340147
28422
63521
78982
10245
61060
306758
61742
86508
351408
69679
53570
119042
65900
24696
193354
389507
302102
201736
145012
283550
351799
45244
241987
42783
304971
145234
55160
28862
383310
68112
73076
151197
375279
53886
208064
277419
326106
371800
242557
137202
149584
32752
384775
91565
235309
242754
144036
304319
249508
378837
289095
49770
270922
86425
374452
186940
258552
65081
146615
221843
233411
163235
390110
132080
139672
42467
7931
96833
311103
238147
309587
218740
237309
301424
360072
191434
212518
144666
253133
141277
28223
353054
312974
346052
282781
35435
332325
216294
225568
88431
156656
243719
11602
88218
182043
221611
241301
124501
316765
66307
219218
349840
309532
382576
53495
343251
326492
210562
299875
367459
273377
242355
121138
294795
384914
42389
257881
184448
379484
246306
358075
328485
14837
196758
208745
147145
199850
16705
359495
178115
44971
135281
170869
241085
337885
372406
60064
291434
270930
222624
40288
200972
29976
106658
16538
277253
382024
325448
9779
237092
44721
170193
102964
247777
292006
170625
351823
11729
263829
103775
101385
33213
368381
52969
362687
357039
209302
96697
108033
136838
337081
30370
391244
323284
45083
134385
140116
356977
241726
321007
364145
347915
95408
227073
280990
123173
29398
183653
259806
252081
390339
191454
367557
117963
69195
11173
295912
326783
75833
161860
83518
345023
88118
276171
285967
293374
354805
264056
135774
385303
55039
140269
80312
296976
69197
222100
378469
261897
34910
189864
253327
115483
343551
52429
64339
314508
253479
97626
282764
210524
214421
333669
73128
133152
27957
93560
74604
260038
12022
331031
271310
202792
112884
231106
273233
233243
301465
292296
182107
99295
148014
297531
100414
79519
242700
29752
329247
125064
207760
386072
318246
301321
389908
338616
231002
254030
348504
300858
93329
34452
301845
354361
179792
257285
206258
222005
305265
221514
352654
143903
243616
203429
46016
286742
143645
226119
338260
379786
328186
260037
343130
269174
77710
199052
327266
270958
280237
267764
348581
212986
180654
295619
170592
109335
156731
351367
198242
230618
352313
366881
350819
8846
268828
336395
23604
238683
131659
262971
140720
357606
374991
160479
174599
253072
78929
229996
183204
174765
327778
48554
194174
101327
123260
229959
281400
119704
56596
228023
373423
88606
333310
139570
156033
84472
134771
39032
143544
2482
365607
309582
134717
202160
377493
23718
54490
310005
227356
47674
85765
22859
313673
235902
168520
390024
326609
11962
276985
95075
304666
193631
193808
142283
87095
19160
83837
34877
275286
242649
197145
340343
91047
120110
389051
108208
277388
344117
384195
40299
49825
115609
371330
363024
232156
306119
370728
246993
247946
93150
205498
152306
211301
163195
23250
224735
355633
330891
329047
317792
180137
166636
304136
368670
276846
258102
250783
89987
77307
306507
60766
54389
235510
281883
218034
245449
327150
41288
171016
144736
368255
131900
23561
281752
297479
155554
60574
166029
14669
162114
159840
12952
213080
154863
61299
286093
172435
312788
175622
359857
339774
170739
220449
26690
251722
294597
77459
114614
228803
219353
205048
91773
304985
20532
145186
86321
388509
324983
182140
350546
372474
69425
189426
210715
101819
240532
292190
27644
239982
187377
124235
326153
135404
267999
157853
195053
298196
238266
53590
165422
130535
78881
219265
306950
222000
366147
90324
279369
367171
310765
62426
172609
219260
235622
82126
276012
28506
244117
76921
120787
355704
283133
372831
95225
355982
266435
369427
311346
328473
323802
121163
33263
344150
335504
104181
53607
346390
59731
221804
110499
205284
321784
205798
236563
70658
246947
96626
40025
308446
241610
294282
237893
220776
26606
391453
254596
11331
307877
48979
298606
240335
252842
384003
355768
87330
251944
80375
2009
91913
85758
323621
293800
170262
271230
230527
149139
30071
240774
361761
145366
263395
22919
306523
102268
329576
30911
364262
371008
290613
47908
255001
336462
146096
127561
82671
382298
280094
79443
8043
295017
388767
82399
157552
5472
277959
158820
309181
106382
267621
25212
366921
252789
359568
61699
110565
349395
121130
7081
94618
287719
256250
355779
307913
20582
351793
242006
49011
285028
335715
250176
26591
72870
213268
259787
390872
367937
42577
179530
386763
23688
96768
342603
296617
200013
59434
332010
267022
196367
107029
331009
140557
370960
293552
256525
285060
26711
317168
98421
217295
109890
253590
8800
15433
363352
249022
41328
207330
30344
348691
233842
204286
345634
223359
374395
18295
72349
27789
133263
72510
76005
257250
179782
294326
306220
345718
68542
323118
311815
259193
363104
280680
345893
8505
384547
194458
156675
229556
125790
111848
387251
64235
232662
81396
88676
58652
259077
51767
316489
324890
207172
190110
217738
259798
261147
10357
179161
223517
158760
207072
68454
81928
13290
148477
308149
123823
6379
368640
300373
176057
350871
244671
173457
125260
127599
303223
286942
162033
283052
54071
305528
213761
272356
334874
5662
82866
354454
269896
28358
124499
109783
32315
196526
160175
48012
165855
217175
228240
278217
307131
166047
91189
276396
279236
20314
300644
83530
387682
311496
239706
118520
335821
150822
109039
8658
211577
374436
213467
89787
299869
291795
94511
66161
341901
74838
95873
329492
124117
148844
253686
39144
47344
258243
365202
240695
249912
162300
270133
305942
355924
140141
236134
182441
223254
14021
113109
264375
123442
356410
280861
209182
67339
46236
210722
296492
70662
54655
329873
15655
365804
272933
213585
327416
172073
384226
358786
350914
145441
124941
180284
122280
359033
219878
289452
385544
40751
7690
383265
110781
206941
54078
33634
104799
371426
299321
159235
78143
176562
65570
1430
315232
348981
115664
324531
64209
42035
341264
20325
241145
360919
176987
283064
74417
57612
148511
267476
71650
164826
170581
296284
259755
38663
171395
338925
220201
225427
203097
236095
358582
125558
368115
338078
72946
228096
335252
64102
290934
365934
66931
377160
245119
88488
123374
38818
44886
127349
391552
192445
87354
255178
115378
322457
184877
323531
48370
390492
25215
72425
203278
76175
242102
121986
313986
61745
304326
112516
146742
273507
369300
173578
270012
264526
87900
20799
165432
318828
141286
281000
273878
384141
237095
277638
316722
280915
350233
273808
109117
113036
114532
128246
306195
64842
261095
10351
37657
212056
337589
212787
228045
62299
83861
135058
391353
325405
274942
65973
105036
228219
309389
21899
302644
346432
245071
362679
334884
140820
211552
364282
154410
30907
190394
339777
156498
262917
85177
135101
231712
256857
244178
342964
362506
15964
120083
295611
136337
170446
90145
383441
62471
130632
110868
206607
150962
195999
287583
190142
179521
206888
391323
341883
258849
202719
46187
238097
272842
381890
85449
67205
361738
304909
252048
43186
144137
127427
69414
133307
267899
300064
303131
136597
70360
225141
155169
83209
350652
325627
93927
140301
206163
53999
94440
377948
365577
384764
261370
201151
77606
227317
15653
161125
279009
331216
237497
74144
374717
273709
199687
290255
185962
352238
3350
128595
356176
135906
350923
303571
294876
161088
379981
374441
243711
183422
287490
366040
308732
105458
269821
22626
128207
178499
283355
276861
183177
90805
316096
170916
376997
335880
188691
267767
338107
338574
70952
71315
374422
39141
385335
126527
43779
155474
318394
390491
273232
369255
20804
64193
178494
95747
182216
327804
110763
6674
42914
243726
293736
219299
94779
392494
820
262701
122765
335308
47486
28726
317486
66269
159381
104903
351405
17831
5290
215898
12644
65303
317218
197034
207068
203712
140276
139356
236210
74898
350490
73147
311752
123940
250778
17781
118635
228395
161607
321351
247415
117187
86167
193839
249038
311007
330712
13203
101276
347753
201640
227304
193210
6535
178132
358506
176292
190312
6977
247477
93441
385771
344103
17058
290703
64178
316345
317464
206442
92260
108356
324830
291361
337325
228426
302392
230050
324309
232953
260848
132855
91441
375827
21770
102222
319554
298897
221955
356486
273462
159448
291468
303111
74477
299451
363264
42752
20150
113615
49266
107379
386809
229997
151108
282791
175589
687
178038
180851
317340
331606
1703
184603
369948
192671
138944
28852
267477
301095
255124
216134
80352
222967
107757
251964
323763
292016
104814
264401
148226
258290
85287
122444
187493
175561
363016
317138
361463
297069
179909
311492
3040
391014
97753
114545
239154
294860
171986
371150
125072
92321
173367
344668
23414
298404
293182
356193
349885
283371
141189
206364
117327
92869
42516
267402
198541
164706
327466
184344
46783
365359
69833
9945
71016
140738
211695
226033
11799
232582
214970
265988
306357
49643
381328
330924
189698
89246
64864
172348
80461
192189
113832
315288
26580
201548
190890
73260
360986
342906
71673
58883
228155
35383
167669
6821
335967
110095
230066
280617
334413
1728
360139
258926
252419
127518
309313
323743
116202
384591
166060
16255
300465
43044
12431
22663
16382
329849
337095
82261
140132
342145
30161
348578
243870
68728
143785
23021
50101
305621
131118
138297
337489
207835
19275
60130
192506
51659
67848
29843
185237
178865
85729
103035
303324
102388
258284
50029
15465
281767
2498
249344
120207
131324
282732
369381
288270
289111
95883
288517
126956
374879
118422
347310
194637
224851
216150
22145
385852
350039
97283
43414
45212
47650
246688
254349
279374
72554
149997
174285
194596
242575
354400
238584
104202
158032
310671
297642
195865
207671
329906
320571
256134
173852
317742
338535
391024
92378
128960
279800
163228
132474
142895
39451
389345
280761
64536
132593
269588
127991
260193
134197
205039
118930
111080
77012
139053
77344
331044
219619
163178
309934
374449
211105
371195
45793
387925
163677
231475
367724
104297
386007
217797
339508
174666
185165
23299
294506
323724
22576
337702
382962
244175
272856
57101
236459
28497
237689
68445
107276
260467
19531
213621
227056
345013
301909
207213
155944
331788
102045
123956
34169
363080
378892
139815
355865
297552
73850
224781
124543
351200
223198
110185
250495
127613
335082
8086
227013
209351
390259
172868
209747
173405
883
174940
225614
298639
281509
199618
162994
294570
107915
378600
163557
285657
346120
224244
15272
278639
258760
166977
156006
388754
60054
231079
157318
131159
65123
226230
300456
159129
317294
291254
106156
4250
110014
56849
18949
140516
71541
154724
229193
240656
204212
37805
142928
315996
38840
270500
1402
4345
360926
37818
97226
375452
132296
282362
166272
391614
203326
390935
134004
47469
336946
117166
149491
135563
232346
175268
118956
293643
334226
299927
134021
322847
176995
153348
139241
281201
301979
145141
201627
41461
326740
176604
180024
27121
345055
304616
288118
13106
388636
333746
139716
19468
363483
181294
338814
300246
305637
4131
100186
216204
357415
179746
34607
176549
12388
33369
6941
206479
4891
66876
16710
332678
294899
50700
103933
68688
252936
341434
356303
154713
260168
110794
81917
165825
193748
253583
325831
328811
143489
325527
84174
385468
322670
135971
206664
212891
267146
47508
361276
245941
252687
242863
321124
308389
389662
309467
391327
360818
16793
272239
190237
80629
210757
241045
222694
381391
173985
383272
162800
249701
385324
115873
354166
239468
254436
26278
223931
149082
345146
82167
309856
363061
143537
237367
121369
279646
51012
11517
117543
264696
17437
243080
348383
303811
376037
257374
373705
138493
13798
282426
89956
12270
56475
146567
286603
108132
134749
258981
368690
351633
312702
280959
315516
220827
18015
44672
136298
145822
321431
184372
237811
254110
316434
140945
301444
295194
273704
194763
147247
389620
354543
235239
376066
283105
135091
352982
326680
101163
76014
161072
260101
138240
109220
343307
64114
23086
114837
194326
152519
176096
91927
190035
245067
98028
209304
249611
108983
179805
297696
128915
161396
194713
53606
371835
29841
350412
43361
359144
119910
229035
307408
168205
276910
287098
369793
359966
273848
63501
31023
319615
17043
132511
113149
6911
317992
8543
279885
163783
311372
384878
586
96706
204395
215980
150290
383334
240425
62347
206709
41219
241358
140588
246962
384498
331181
326869
269868
15037
379676
116521
353026
41944
315763
383558
200443
19055
389768
296384
305501
21073
151113
358989
15876
137243
128119
290436
208555
363538
184001
325901
260661
136825
44242
172461
146517
382104
179598
381109
82535
183331
67190
343099
355010
33650
103277
362779
39914
156393
157075
27795
230291
38974
307023
281243
348717
379523
306185
39198
24257
21888
135746
32112
142926
290334
67241
223141
76934
221749
369023
57761
172853
118729
359806
341470
68909
343190
131234
345278
366158
292668
215563
17553
329150
326854
338599
197320
142702
217080
118165
26863
173516
161588
75231
4618
348254
343104
303987
318340
252232
257909
226602
153312
157906
361879
5440
330990
71188
249354
363615
95648
201448
266148
77427
358089
293113
80771
330415
238255
282062
18941
299120
239798
132770
344374
212194
84233
110111
311596
329140
237080
170223
87586
347883
28352
380860
90234
2894
92921
49050
187566
178341
73685
390658
69364
99863
198334
109366
175593
207022
267159
130997
335808
379597
73170
32687
312566
317518
317957
49846
84101
81741
89722
377539
23247
137032
246431
168839
131541
282834
124974
338076
98582
295086
207549
126622
310846
110205
18781
250566
339014
143636
99185
387863
72613
239237
106022
119013
245234
238052
274429
271911
83755
382873
202035
128484
225690
199723
140809
192002
159215
75539
78050
157860
169971
63147
50927
320547
213909
122899
174027
350489
107705
274586
372381
164378
224054
119119
361944
173379
148669
260144
280168
48582
316737
390906
216715
310969
172286
147279
369319
45699
163127
371405
10817
26477
86096
230672
365571
325685
252788
256979
223504
141086
260039
259671
51224
263073
137999
57841
386427
164874
265149
377847
9717
80841
219663
30286
254238
17305
351505
23039
35623
292836
337443
179563
304154
362520
342304
104738
114795
146410
336670
27354
84231
153431
240900
56246
287349
22589
192784
102347
91212
107748
338451
293528
357085
173151
40818
8452
350036
33758
103807
170679
119122
266469
329371
337360
202624
33340
204455
99031
269779
9429
200813
205657
363718
301996
81210
346153
257948
335370
305785
250478
360102
141006
211456
224095
165412
96921
162303
343398
50907
115241
176808
176622
78861
152557
63406
214081
203231
350883
180443
23270
300834
236920
370825
344037
313347
311036
100678
287916
193245
248921
312119
387241
84716
92278
113318
145078
60202
380022
88210
48348
210330
152955
52938
2942
191961
238074
277351
355115
285474
365402
64259
373274
303706
378685
203787
326163
206920
117953
126211
311291
161566
11801
105367
99566
72842
9670
351668
211295
317970
119091
337319
263252
327989
17147
105468
22943
274992
44612
150051
375103
105604
167428
144513
198348
235572
358443
126645
228109
165326
276283
209537
361900
87420
315759
368791
329359
35558
138112
159821
327547
59971
32742
224757
72688
187152
319292
68868
203381
300821
140780
184472
328009
122673
312048
320867
104985
295612
172893
374523
257688
52407
239821
148625
279103
51593
231254
64635
89914
258150
371370
65614
374458
86044
21467
61974
144581
368928
84937
263773
369919
228273
80199
104488
98643
258210
262201
36846
131626
164374
42345
38443
332892
293380
281496
385673
132607
319497
297235
32637
176635
209962
86300
227278
385547
45119
328969
284674
40827
305197
343227
86702
115216
281835
67418
325289
178556
238292
41877
112009
372543
295680
368924
299035
72530
368815
151427
3231
160868
346538
82149
37180
330538
245148
170394
93422
329005
271135
17062
219908
349766
185602
46878
216901
358032
373778
160372
6888
368021
389953
45777
275641
174089
87228
160933
303202
97193
28504
131585
47570
327574
132525
212513
64087
118846
53043
93159
59133
352899
173536
257172
150269
266272
19273
46179
361835
254932
123496
298505
261047
42452
245192
276940
322777
263732
29926
241988
18346
38154
255363
14975
307709
319773
231993
39714
297859
252638
176157
199722
83203
73451
352425
255483
292579
235295
252041
175944
181141
180602
314191
241564
261987
316597
175135
299066
160754
313067
202507
170088
254885
336724
240972
128788
294105
207815
388124
191352
173964
106374
386656
154351
150492
25725
2271
134310
72844
250716
335202
152687
126258
164050
148347
80477
127833
204798
152673
258527
89022
193229
339867
153528
5153
8176
243857
15422
148040
250029
4907
376947
239918
70088
356757
19868
345075
352127
305762
275590
144968
223190
274990
213076
297666
11741
382063
223972
58105
15965
178718
99734
365165
100514
38829
23428
256772
44403
126754
293920
205939
221551
56421
359992
288853
213354
188147
274134
248202
290988
337878
77211
91169
207375
362182
390387
155341
326759
227030
187953
222501
344963
349351
250267
321413
344545
385433
181405
255445
47535
350457
25190
337933
41233
370580
37036
370572
188657
59416
210119
188168
14008
230938
364085
255307
46767
283135
335674
200400
227612
28468
38783
17530
150365
336060
344947
167938
350476
22231
1218
20344
132780
54151
355659
152016
220081
314148
174956
308660
384077
377747
157641
349638
368915
256993
330829
349246
58981
199979
280090
80692
54488
188910
46644
58308
217914
94741
24977
105146
321042
382745
329497
143760
270477
152275
330994
23837
287213
381172
217682
367589
356687
120443
6521
252959
252757
320993
304685
18541
300386
195373
34867
150189
358960
36092
357242
148785
241386
241290
323176
68396
384384
227540
526
321137
165928
132612
170696
35480
42751
322316
388672
173953
259544
272110
60682
371673
194394
71562
370675
357471
228206
85550
243899
37709
123342
243054
128664
114117
237575
207010
316830
313911
259983
331572
77736
110107
208666
392597
203137
325394
71084
222727
169389
41759
349182
293573
10004
91707
140108
182778
251538
89407
357448
186372
186678
226162
358639
133426
368044
146664
335955
108886
319235
370797
302494
335693
109720
123663
259736
172557
33656
120322
360449
108997
321876
213325
116612
368461
262926
348084
322294
153926
154441
86093
5223
246658
74939
313787
74060
384561
42669
385654
85803
372721
118500
25861
353020
377839
204611
149866
124535
49072
190877
233409
310228
45835
188537
247850
282035
357814
107987
271703
255890
113273
368112
324186
111664
375820
241841
232452
308884
215013
116779
74914
304219
250904
245912
250515
293455
386655
232154
130402
138770
137346
45004
249910
199185
309151
130749
392656
229470
222039
184528
192535
249359
231525
141893
116782
208107
155478
72639
315565
359122
343035
279689
228505
271425
146381
247469
156383
352879
337795
338134
335792
317422
374711
222528
335711
284893
249352
94672
144606
170641
273122
310862
323099
359948
126402
161817
144078
99997
201535
324996
293913
60028
20575
331821
332090
217315
32654
362053
280456
126949
102378
251719
381639
303873
187891
22163
172371
127300
264932
308817
152137
162070
19475
98335
172225
74918
356076
290610
29450
93020
335350
141640
243803
288571
249358
375721
301783
365024
252118
135601
87944
72370
270865
304749
188803
113209
337667
342
326490
191507
35145
326287
352225
342170
56269
312752
337441
150304
340371
232045
251
310760
276331
48139
77268
190522
132431
277518
162916
70320
153883
376830
384128
27852
60110
339884
6939
341211
32066
319376
181146
25867
334686
259998
367186
354906
165082
321074
105655
98557
345680
207637
207137
176117
240402
89511
89774
209786
194837
34138
371104
117870
109529
205845
174449
128254
280595
309101
43596
108190
165629
255439
129067
112861
17228
383553
193834
269501
247873
281495
295845
64295
45175
273652
173133
36264
257547
126338
81551
212933
382514
36779
386039
378903
235693
222599
201725
265817
329829
381907
116926
370735
271542
337603
232071
182938
133294
373825
286540
133202
358604
98107
192532
112199
375659
330554
157332
166356
46635
79466
142148
346723
324416
37843
59423
40856
119621
255159
353915
184955
210944
364140
345269
255353
31950
170022
313803
243674
128885
220366
385067
136460
336876
28232
77837
136495
363392
199132
144327
329672
32358
335505
351213
335558
61138
81408
387072
74072
328896
368851
343131
312775
16752
4156
372947
156645
149718
57017
119742
70424
17863
41047
375487
246148
100534
107702
333640
229020
5355
82091
182906
241010
157183
193051
249779
116221
61041
351258
74294
300061
50470
391034
32331
353508
213393
270911
261875
71821
36075
313003
336691
195455
386320
213255
288699
160106
127284
200759
362680
226253
354148
65316
282518
189990
341756
60413
302241
351827
19983
209230
169092
294212
313858
116840
158077
300511
375339
278635
4743
205145
177095
98712
24955
285934
225440
199896
84337
258838
229530
78439
361993
203557
355954
341053
136007
322557
66110
69786
322257
234863
206704
160004
277225
337394
153818
128475
175844
121515
109631
361717
203850
163037
276742
59578
364829
104742
46943
370795
196309
144724
187631
312190
227495
173163
296464
91977
20618
314850
88833
283420
172752
32889
332127
183172
279235
59574
140766
222377
86005
238570
55878
3047
16747
98729
351716
290102
25922
166407
380825
21948
300711
346485
191760
165404
273398
225381
4565
98314
50627
173980
352345
83598
81422
36367
191722
95924
61402
336138
343474
118626
81947
307355
32058
206012
313676
357765
331726
215949
127087
65481
317574
256401
68744
383066
93022
240406
237530
230500
312161
260124
304781
106318
23611
348719
102988
244406
142064
97567
31838
29287
13039
300366
194281
338770
332083
4096
387461
213224
332439
43310
5571
46741
317079
45518
273069
170292
347150
311951
297171
277758
347265
140561
276857
267078
214251
134090
122113
47029
339005
117902
17579
240220
322817
239414
151236
366569
23343
346152
268372
65175
381488
307733
241091
137304
28148
275801
81848
72104
152353
116523
348544
189171
287348
37099
347301
2780
344372
27537
210954
161363
86795
223392
89303
70734
233944
211663
90425
193791
224511
351205
380889
306355
181525
121373
31552
83263
232765
212061
72627
329532
43282
303734
369836
125174
74224
170577
98882
156587
257867
375333
127290
374948
13703
244605
177432
346287
36922
14147
294307
271555
263433
218757
388502
308422
187238
106206
264640
202796
284626
361078
116871
276697
64837
340845
172702
164745
82378
85216
96096
48091
252310
103658
78035
279049
40881
81988
177228
13099
23311
282822
372742
82435
254582
38072
159272
279415
334425
62203
353798
315922
85402
285143
159561
29686
252906
387644
39949
144415
52546
38323
43702
323585
255635
205093
196365
217782
199938
291443
323127
305033
107491
51167
314992
102717
347559
314657
341380
121565
389736
114592
35613
60638
89385
351192
179022
345275
60821
83115
266537
138762
132465
175395
80736
163193
70383
257495
254533
334391
156465
74380
334902
150102
150884
376176
206445
117680
28759
268666
329587
361968
355926
246280
360152
91162
201961
290602
326971
313691
356105
375289
160247
317713
167694
356347
230339
57216
372126
294578
258535
348572
67954
337496
286448
52931
18366
294172
106682
258493
359700
311150
336048
316713
365222
100592
294042
285269
100918
3492
51259
258459
293011
371276
153391
109531
89671
69337
330937
2732
276402
149838
151499
270629
375801
318425
269464
11679
305357
287618
205053
179112
312693
183345
22401
148591
357985
389460
334891
215144
360911
151255
256306
70072
26705
174608
67773
29070
271600
264097
23099
324484
187500
153033
105840
121848
31768
156783
95550
382584
272519
139135
54115
72258
182093
153408
229426
41916
111330
45812
15344
310091
232704
234408
131379
373980
264987
159905
267952
216082
47696
115474
8286
170091
172671
303295
86426
73094
107810
100751
33600
164317
317841
54751
106669
7965
235096
202271
263444
37089
374952
261612
155223
113504
123251
14918
95621
272601
386193
230275
48604
377615
223112
105282
326379
332315
388508
337219
30526
82607
387623
111800
43313
86842
242186
28945
203512
297690
6687
245145
344142
371718
378846
211690
97497
277674
347699
149378
327187
323318
192830
197984
269068
239750
165731
358251
126911
34062
195767
189866
9171
73045
150787
360291
222299
346108
378576
340888
372378
101301
244002
226092
78475
66779
61794
334202
206085
162539
143015
30410
176877
111096
125009
352717
296837
118683
111715
259992
157589
351915
70817
368279
390334
364395
198959
256085
299946
362939
102080
341754
353968
274629
339303
173634
20647
47388
199257
162730
178971
271439
260691
49918
170896
236740
302044
327641
160482
354327
102208
127971
51489
185515
392437
297564
282841
212257
335471
282346
151541
172958
6910
71416
89896
264608
124749
189734
134967
30878
100236
119196
128648
67739
217367
186488
392469
321999
45844
101598
37255
220535
138578
35279
10060
142767
211982
346487
178411
156723
141374
296618
203807
365591
305470
272057
126176
308406
236304
280301
266581
391728
362763
35099
140425
190785
342144
296973
308355
159658
361770
163979
354899
76275
308685
372462
363115
92642
303620
282441
392317
113779
182482
133395
330603
62623
125455
23236
279093
239267
86465
130722
320490
2168
284499
210226
338901
217892
307137
345904
261249
100320
293268
228884
76632
377427
356140
69967
49871
102602
53356
370846
131749
311065
209508
351457
119954
379445
239909
239376
365981
324274
170502
161639
248237
68478
51278
149172
137603
117395
204976
95332
315000
336160
243097
387978
59390
108000
293417
119981
295383
95817
183121
43954
266953
311904
262035
309003
167155
132235
229796
210018
371986
217210
77434
54527
105683
149969
19714
331249
119429
321678
320662
357451
295408
139113
50585
271348
303820
119774
367911
233794
258029
301350
136093
209168
327741
158831
59392
249478
268552
129873
220289
258203
23833
206150
65762
356344
193274
341217
372531
257646
68408
301337
332714
34486
211926
373381
391623
271123
382004
353245
374724
28236
210664
160079
113446
11809
169731
6496
251982
18879
172355
92488
284902
77318
196308
207205
275635
148938
308097
93142
195596
253054
207906
350933
349964
111637
371243
36593
35036
331373
231649
1483
342595
156612
7549
35441
191207
185069
332917
303278
385546
38999
185947
78668
382904
93941
72571
53745
331104
327170
281173
346939
301118
232120
310467
278466
331052
98356
216349
359599
327013
167946
312099
287529
163556
145973
384050
280049
58254
57810
165244
146526
188055
279520
112175
249616
324607
105229
1283
197739
373910
172117
177478
166668
109885
54180
306763
111692
235869
331771
14458
315791
118673
202284
115399
221996
339796
302795
390533
42355
232905
334792
31328
369109
128411
21872
324754
224667
20507
255415
205329
235467
62937
246974
353496
199803
257830
350841
104436
199494
372357
20602
342817
233235
280223
289283
145028
352223
376915
107756
217606
66831
203568
32557
160705
130765
281331
282318
149105
176588
146453
367388
268157
274549
133451
189358
344292
173760
135315
213798
158197
209742
8736
79990
365911
239619
236206
153351
255402
121325
304371
373311
107010
299121
280319
38873
269931
191816
149528
336189
197985
49749
35324
347114
328176
308721
317297
341557
169598
366101
224809
314646
215436
366626
187533
138108
305666
106661
140166
151335
224089
146655
346220
384687
231607
120722
10205
282602
165265
190301
289524
274863
156954
314592
317534
14723
40523
120863
197355
26582
144555
188778
356327
890
169730
231072
280903
169123
38996
33732
352116
304888
271914
165778
33342
203517
386138
200766
189419
140620
61014
292535
196334
97237
281054
333021
169353
254702
367013
266818
180461
315902
102316
28753
354081
327086
36640
278395
9337
168633
308413
305024
96252
141628
244640
290111
111029
186800
325260
271957
269024
282101
210655
124115
135515
364540
161161
125367
264637
335519
260235
79650
347764
118829
392555
103364
231117
254125
368435
389917
211938
355088
302671
187178
157201
45222
166765
200958
74872
166904
346264
230808
277386
141252
167310
291547
156348
373540
252171
387888
39100
259282
45445
317960
387096
55561
24697
199948
32026
277405
326570
233285
118867
53758
21492
138329
294663
281992
79247
354645
16983
220541
356122
65609
98363
210900
120140
210555
116043
108567
171206
310950
147411
288723
212690
129451
337583
250853
235241
19826
281022
332016
202226
321851
172191
138306
163642
163684
364928
321605
326877
55655
352257
277066
36077
374827
77897
229178
102361
328466
244950
322007
361371
190495
190617
274218
189843
362933
110813
148561
116427
322336
66385
324006
269857
220436
203424
264732
320221
80366
291100
56077
340790
391312
76450
339957
328736
117282
226966
147561
304059
179233
367754
222928
271160
343207
324831
42947
202883
381346
252074
314156
46772
335660
226291
130709
385784
227248
97916
82814
54833
187053
272829
76978
256756
181130
382493
365510
253951
79402
272256
285877
73746
120260
200236
121641
359225
93175
96948
325520
52742
298352
367109
280017
165426
354196
345438
208787
262280
36620
210742
305563
240983
5431
374551
171202
98952
100291
295789
149254
194208
112585
115332
221355
311749
348937
55380
308511
290807
3628
286997
5568
215947
316230
81050
14103
106280
264774
331097
141269
73020
295904
96176
179441
49215
104009
162134
205270
323843
211527
258650
191982
101770
336371
64467
385044
109566
114792
147973
369764
271844
62148
265682
84953
329707
385573
169624
76739
299850
112711
93285
193895
277963
41424
383477
108304
372185
171293
191868
384351
139011
280884
181706
62693
333688
326330
38753
241390
22518
5441
267138
364645
41158
54826
254404
10292
344128
366121
300111
352747
26232
132256
158220
85749
235868
211250
157839
94786
63615
220980
163674
279735
183515
332261
104725
42928
96661
290706
293970
174395
22077
148854
319397
288084
304456
30363
178047
369033
323851
293443
277920
368477
61587
361532
60233
302331
283694
224315
81009
157113
387468
205133
317459
284250
254410
173995
90057
300501
361748
171795
32849
54517
193596
158949
230682
153227
134230
361112
239951
188204
241795
310102
200066
45918
276257
140157
96310
262456
247204
106320
267694
150493
340775
303806
96384
147277
234820
261541
221320
72421
376808
81194
365105
312994
277976
268095
297741
214176
284354
340021
214388
20304
333911
127705
238966
331068
391290
292194
153417
38743
251489
193773
388473
173757
362588
386497
386705
224026
289990
371344
121120
7113
364698
102547
66131
342467
278366
114856
361725
285363
114720
236016
312727
306081
246215
115309
345290
15528
152912
114801
360320
109101
202393
4733
243999
277829
228575
222645
304200
11752
18993
169183
343370
368702
105821
42978
124401
255655
81725
252107
76515
162681
352933
314580
58614
325219
145370
189256
277234
313042
79160
153486
30505
118008
60161
228201
373044
222682
51143
366736
14131
148709
67621
132266
116741
86489
242020
143042
291623
184280
200783
93345
390304
116732
234828
351162
153518
353685
300367
78728
130062
255505
239085
328327
317228
72649
151248
247643
42332
15530
322988
281318
85102
30876
282545
388914
378584
305107
340418
310477
369578
66588
327588
44731
141146
141909
186310
187879
223210
80696
121512
294822
336233
369080
309111
277926
253653
54164
165694
302061
266476
11139
204937
27275
51013
251667
302660
107110
58918
95488
252944
167086
52014
126225
274894
324653
235921
374272
127301
100111
249592
298320
225529
387737
286517
28471
26651
360514
161715
375531
11047
258553
82099
281928
238545
197561
56147
258336
172959
19001
303250
138388
34917
260793
322997
201484
188178
39387
288763
259720
271219
117448
371489
15262
46138
213998
1942
30378
331326
50742
118363
293651
63837
384497
332362
341204
324160
912
324282
71666
196640
210256
183950
100463
9303
37232
52111
79593
309920
295301
377031
132726
199150
380985
197882
261736
108233
1403
64938
24276
34086
98321
118432
222397
118323
143572
36839
235427
379172
192808
134215
254472
281089
210678
367630
133573
4018
212151
12706
22664
264583
347675
273529
133435
192084
281059
84537
238326
47258
276367
266756
95082
4327
63481
358218
140124
228810
47143
234459
86435
67755
33005
121064
98146
187826
193995
201106
12092
93614
203373
49417
261187
310443
51784
157314
28487
98456
43308
75158
95109
254971
154494
258993
279580
199016
167899
358439
244107
369544
346587
198906
326965
228436
274538
154048
388108
182741
93940
274499
44154
187801
374998
341033
30291
389254
260647
37390
30660
48188
355277
381375
152239
377908
19183
357185
325378
15683
174133
168036
359895
24282
267544
373406
38671
117209
90935
118395
209825
137473
112635
123097
304647
303315
134954
366238
379603
197496
354508
367382
290798
294762
238452
49752
177366
199269
342518
118327
126219
205088
348389
138362
82942
195561
137103
271201
105759
78828
267759
335241
100739
230283
81976
285954
342020
1220
350478
82930
144820
39267
215512
366586
129591
162230
326981
36783
286027
374547
244721
132044
341273
129401
357806
183848
152580
290187
19384
183471
344403
252275
329147
322511
240288
86202
368125
127502
113253
110711
328875
149109
276771
39985
234323
90054
119997
368505
207211
270980
135741
339574
289894
328333
20651
269127
100492
107267
362426
114817
243388
91010
369654
326090
303363
171516
112746
325306
254796
101191
378099
84871
270402
185665
48728
24675
148945
360639
236178
312931
29035
174343
283228
179776
77725
368283
5176
326500
92187
196810
347623
223834
89681
217174
257504
38282
42623
91375
374834
249766
383747
295229
320976
210089
39068
80731
26516
389497
211273
311724
55858
77872
71787
329801
319294
68260
207729
4338
75777
14629
306038
311184
376524
191161
263590
144163
129177
100635
70917
129115
263388
260937
84887
325921
285961
25285
180434
117138
287377
172618
44755
18357
115446
168823
212723
318067
347905
77951
98770
248621
96632
44327
122362
167571
277801
65951
259472
279276
359004
240702
327359
236284
284486
333234
150368
150108
228920
355225
178590
302122
270956
259936
114676
37933
74113
226458
80792
345659
350860
88123
107056
380867
11668
376980
86016
60819
305851
26609
381767
160492
327569
363999
237424
368159
289474
74266
291746
86172
101236
246090
291817
287641
176596
18136
298784
53352
88816
6559
252399
371391
120073
34957
299445
281370
319431
63964
144260
66196
235999
322476
148092
32411
392310
332751
92075
144330
61787
376621
353363
195656
90569
300570
135528
3849
73444
387681
378652
34155
163953
15784
296995
262397
10219
123919
177386
119851
346176
290103
85498
325069
247592
85838
166396
350028
156282
131996
369211
11143
101290
389567
323448
369752
8836
39876
14525
334320
124796
208621
349598
210449
195721
349876
305865
96214
189117
353551
282689
164630
33411
58639
276854
208480
139940
356123
71410
68780
195463
182281
228830
370013
74097
292382
101344
135032
309057
143468
137287
164064
123208
79828
125637
63302
128572
342800
149445
222576
330052
109468
32707
22550
156930
235146
331870
135056
75119
301056
282308
67193
343502
177341
332779
31072
172400
390646
194970
95585
30616
361661
171913
332930
289022
254507
105402
358386
76546
349439
62920
380339
365555
23757
311068
173597
196005
89454
370969
140223
354548
374210
197169
189640
285814
263801
97738
217117
323473
320295
144678
340961
225798
343987
85824
275141
16698
329603
116577
30579
273407
161756
36754
210716
233327
143841
271244
383517
13241
138346
303481
62035
205608
151330
281648
263486
257333
250041
4223
289043
174189
311204
318508
327860
329360
150465
129679
168876
276203
363335
125240
99944
125551
373127
272129
200031
68830
149895
79092
41207
109980
208545
336748
16102
198184
167088
105619
117326
79287
123523
92707
301527
231766
355646
370025
123924
198246
118300
243907
171274
243898
314546
160619
34367
5671
162430
206329
270766
77758
328773
102768
175936
180527
350554
7100
360710
186131
240028
141321
170434
129532
51083
373835
306478
23602
167121
282987
72922
20893
220802
276419
111060
264280
19848
297346
333345
392052
388292
352902
157168
186507
78076
324941
391273
35454
149366
127548
134473
22324
237577
41363
220475
223064
296128
18452
140033
249814
141878
383324
115265
322810
126367
30405
384072
369128
273323
379639
83233
372123
379852
50879
189444
333475
285978
355798
169168
65250
360538
212052
116069
155406
211117
42758
203799
370544
68288
308139
211142
60124
160417
107416
114573
22423
344274
130623
97326
376916
335225
36963
354737
286704
133033
341893
379606
129934
263599
170270
357894
11555
341684
19391
327323
131840
125232
238776
327372
240917
115282
116974
368888
313907
96212
105049
96533
18871
177727
257824
154530
99106
184267
356575
139295
124738
297360
124311
96094
60296
238581
256436
180378
300873
259678
327275
214395
297341
108640
981
92347
179503
266674
315944
109005
18811
25344
247774
375604
142966
331576
235201
167742
324405
280721
161804
65468
309599
314903
246349
140344
319384
204416
289262
128861
115902
358148
98544
340483
138407
214492
1481
236128
376471
242633
229154
243751
51390
91776
218510
249785
86808
389169
245628
81603
208200
106372
121355
378315
186149
240779
173999
288714
351023
9400
345593
379305
260596
306744
382016
352495
242786
126568
205883
275856
279375
371445
8549
195951
279574
210518
256112
368652
70365
95275
329728
24943
247364
154512
13275
27226
266714
150805
348938
373635
86656
350581
29375
297901
210279
52404
265997
236048
196718
122281
230475
220726
86204
167602
293887
333774
189464
211469
279608
161537
332342
85853
58733
8404
184066
66168
372253
38474
228367
345516
153343
249405
185362
171144
27197
83960
294704
258939
353315
298258
43076
243484
310258
299602
44180
376741
206719
234634
372627
255183
23227
33620
343712
344575
384689
237448
24002
323490
188012
172417
60534
37411
270044
133624
124366
330604
115405
322271
223584
158427
168818
43765
86488
100450
361450
56509
180405
377832
15821
89422
358020
88216
367053
280556
346210
367974
36314
305393
161389
244704
86564
211241
74484
179742
232644
83902
160292
126838
374068
382166
239861
325381
121128
276864
277800
16811
230292
369155
97504
244258
213655
220055
229410
241500
52577
175799
377897
231726
23595
169917
316864
5234
118605
99440
237570
345409
334358
172761
225095
258876
312733
288811
159100
268593
361497
323221
249269
219564
107562
300800
189047
330157
205719
145445
80126
14170
355513
199733
131503
196563
116718
197679
20833
210210
62225
94628
335944
47878
304670
320076
121736
24146
31095
160730
231953
195795
359788
382143
174324
377188
57529
39380
334108
202230
312205
235782
27297
230882
348223
20457
227922
43332
203262
201524
235081
282186
175647
157677
37688
278812
268885
353448
345142
173856
10028
123951
270738
115897
351088
230594
6167
193781
330302
58272
376146
159525
196230
92907
141187
80561
18086
37808
186442
308275
281863
324499
187648
114042
391131
366521
391778
190960
80100
106593
272367
183062
294428
87426
46756
255978
108921
138945
350971
166245
301500
368015
87873
261740
362272
52575
349216
68729
286811
225153
122664
338313
347747
167107
324907
328888
265956
86628
377341
145292
249295
45072
19966
103586
368467
208186
90316
263513
300586
6302
227561
232995
124869
369031
195984
248325
143275
254050
277196
292166
41364
81911
29663
293491
146974
311481
83600
172228
390801
340397
333136
43769
362007
159173
165537
43445
185000
28575
358581
370487
328737
199376
282222
60312
88422
90098
116985
127932
73657
191736
72029
350884
100070
287535
350364
354206
215088
206860
103889
340157
326835
187016
4640
64237
194736
104712
68613
147527
129488
388964
352449
252490
21794
323992
364154
155952
360218
32202
181310
102749
279257
16957
358971
384665
11071
38509
389025
134348
55996
77773
37940
231354
350093
288972
384285
132229
364256
379857
298618
53407
313004
123081
159376
292753
372661
355637
189593
165437
128401
217104
14681
381829
346691
351147
299625
64118
336106
33524
223418
382738
186519
102223
151102
392320
307766
42667
65615
228632
374608
120620
202300
63303
74820
184117
308968
335573
365524
389942
364898
124603
362998
56786
96174
89153
14090
212391
111940
184138
382592
210765
200019
9485
36804
309701
265014
382144
218948
43842
379582
193979
389214
173105
351685
185319
244394
158084
139945
128927
91523
119925
17903
8650
356483
252669
254808
1828
82197
117969
68948
232336
116719
207930
160823
281097
352023
343247
216893
267451
277024
83177
39875
46337
319646
213880
139960
150440
166050
180318
331819
261014
46151
1569
152595
53852
360769
101185
15305
17471
259863
165598
242096
133548
334004
359396
174912
144118
329820
40068
113912
264686
273944
258893
364930
30403
307375
21684
55046
4847
169633
31807
156215
114079
384218
86476
348710
141505
93090
298333
370864
260334
71645
45073
222765
356479
312410
226560
374639
75251
71750
209798
345083
222302
282242
383332
11476
368810
59164
213564
347861
26498
292137
249425
318751
113577
248491
350038
25257
217675
26072
207399
102804
1716
146995
379101
98102
88639
134801
137408
345349
60724
353065
306735
243372
2859
250751
205320
241508
90577
50168
168166
307118
3090
288905
339814
124260
25152
351645
88921
364758
153068
152846
10133
166165
256072
212925
178601
106835
59068
234213
280620
152470
99770
240238
254740
222786
295513
65475
107092
162935
140990
356594
287751
139466
249558
264206
173074
148446
108212
137965
359121
239405
46312
68889
266929
301173
262334
292252
169052
23161
4439
195977
361385
183
51145
299921
309628
73036
195620
8992
247938
8014
311702
207886
13171
351846
1758
135654
12924
247975
163163
367369
117983
208891
200476
179890
338918
250210
134509
147065
114462
177123
44577
342901
182858
50206
362834
137286
307598
6552
268034
292414
96183
310838
335510
76022
124765
337627
374233
294918
196172
241470
109139
112745
229578
215194
139384
348226
296595
361685
194704
305549
252690
382673
278013
20018
268685
388929
201938
140182
133300
66722
326960
241563
8392
289649
196681
271676
324745
161861
289660
38492
120293
386355
373671
157003
105247
55576
84306
254938
63663
267374
43514
315916
226319
8422
86987
59278
72238
263874
366142
150192
167646
266876
245252
278337
323895
307130
363280
319506
333331
127928
202561
43782
380369
117803
247949
318360
84147
392296
253545
250915
94069
254406
354019
183876
114887
380959
306273
268298
226676
247563
92113
184185
375618
260239
221672
150008
372568
227455
318613
228486
76207
137703
293002
359383
264692
101912
292337
156520
48858
344810
182015
124913
376759
125305
304023
123658
118719
366851
334218
251396
312645
199250
199432
355374
148465
237039
30503
255151
166739
383007
7631
223963
269962
81735
231134
143819
207487
52949
337979
246085
172764
384515
152793
167335
32847
364090
317987
379802
33573
184921
84755
177415
313325
77646
210195
28910
270472
205153
149200
259451
137711
149926
116515
91063
194991
149877
197937
38309
11368
343661
47382
359610
140718
266424
361679
44513
231965
50890
109750
201177
62272
52400
180090
293080
93959
296459
138915
364867
182498
147180
114010
291191
287786
208541
357342
360036
319103
190868
19846
233724
319414
326742
302513
281278
217834
268254
334186
317500
101270
67485
127064
275667
383743
300407
167580
307889
30949
284433
97210
150525
305847
389934
385387
200017
275187
241876
58143
13382
80190
267276
115537
172156
204883
313937
372980
21795
180041
213838
173318
226794
20147
390042
243115
284890
229930
344086
379234
156609
301427
163184
168942
107286
134317
27911
328499
341175
268721
158711
140578
116418
252872
48697
378174
86975
263544
356637
178648
364452
17910
62568
55314
175665
316178
386002
285339
272164
257395
369374
100825
310139
363168
350877
195228
296710
281432
304475
46599
253176
806
132932
267089
303225
195702
114550
236774
342391
107583
17416
42411
291121
206891
274735
182943
223863
373032
161038
343738
217008
281547
347133
381046
133407
89841
115912
66193
23542
81587
34887
334176
179308
241971
335721
375583
368089
153246
374197
102631
213834
1631
381670
156445
307686
155082
219861
318704
11289
27897
181707
14022
291297
190357
160165
262470
366221
350245
378184
107388
194965
78898
39724
244965
209208
243028
245203
321064
177889
301157
151263
362198
27584
197809
387310
240398
37386
245522
111817
136920
109596
304220
144028
169595
262457
130126
221615
139946
276565
304361
308651
85505
297754
54471
131334
149475
245108
71291
187512
339007
11309
203372
330315
382198
201446
116713
367005
219222
209863
385093
76872
107539
307188
276493
123228
83801
3302
297555
153463
163469
244248
150946
378195
278607
301913
127713
31412
58232
61762
97462
251879
221082
371970
124215
77028
336077
247570
297895
245232
201437
386783
348040
52428
373923
161149
245298
215501
250222
210398
107830
241082
66574
146836
281358
111620
346757
290013
203316
380604
208412
92286
239897
322983
14735
334113
241009
218107
379716
388894
63352
45747
258749
331196
109564
7148
79185
8460
69212
5266
283839
163056
266680
85180
116810
90198
386307
84686
19806
139354
102931
54100
140970
107191
69444
179143
346482
237513
232534
195752
40175
388333
327392
56082
225333
223724
68111
14641
271746
198341
345419
201598
160721
93087
110891
159589
42832
350908
277962
225293
165888
364388
373616
85466
112107
184805
128312
270238
265580
151011
209428
278614
151947
375102
230820
281353
312292
33054
332508
134460
364103
29668
83674
104073
108391
185879
380002
389256
223537
208740
61458
386306
196285
20673
239192
257695
137852
21025
83625
89058
5905
153223
211218
354720
335151
212959
374513
323703
46526
31477
326293
214704
125777
104636
78801
273644
245421
285938
337911
347498
255900
113192
67149
349622
221393
77645
313539
70610
79146
137028
321428
171038
88872
265282
346050
268333
336091
252321
299891
215753
105963
273242
153394
146121
39761
386262
279442
125532
279588
369190
82009
265343
25166
296068
382392
289574
49363
131521
258571
147196
290326
176825
137545
186770
126324
388688
124458
291802
155984
63800
273558
223874
49938
234026
62872
267438
214358
279394
67163
199184
97129
262242
243539
6412
52675
299068
168932
199370
381410
59705
327949
280716
77577
391605
291963
247557
377966
59764
141832
270128
44919
351665
111009
115493
22239
61595
375644
310192
237327
117394
111010
269020
329762
217054
321449
305522
127579
295019
370687
9384
369320
17667
38114
374836
357253
21849
275394
156279
334239
222568
349162
108773
234993
392679
159079
202604
17154
147900
342720
124375
141407
392698
392195
177322
84626
101585
84137
364610
145521
33111
356085
239082
171243
99800
332431
324554
173171
83136
281642
195915
257491
15954
148006
180750
17234
133474
381937
184220
47207
88272
239372
81358
375532
58203
247066
32088
116506
46933
179381
271055
127794
138983
23482
152877
50855
118664
211468
28076
331666
314483
376596
111231
262079
315665
311841
308095
112744
307945
212233
126770
235534
267254
154455
152264
46750
295353
232235
236106
209361
106066
229718
126408
251266
131267
14285
232736
166714
206754
344958
283411
13038
332789
376495
97170
176899
300568
117639
63710
293283
48787
123913
192104
290564
272509
148769
243121
16724
44882
165446
282530
42546
249467
86905
100679
9985
222052
264810
299685
82821
109388
292423
137488
141246
52251
370418
293044
64184
330153
27858
137122
127624
54840
363740
35095
364833
184918
265642
241469
291747
137587
130187
100247
148473
299847
340118
306829
38894
133015
242844
336975
160710
329329
44631
282049
109180
351754
127178
290101
299208
70311
340052
86260
10191
277691
295026
119778
203489
86015
7727
379555
134421
37007
937
140118
56976
385898
312214
357441
281200
252388
291945
46532
287597
346320
337309
289185
237615
121610
221209
310261
211602
255338
154422
91339
259567
258015
104754
37527
91022
251221
181722
253378
72098
157956
62428
134092
144482
321854
215510
238880
185251
113482
339597
330426
53359
209811
103031
363232
162577
366474
280892
372756
344748
151070
312888
151949
390505
382550
68440
31647
183614
349732
205082
286254
379789
17518
124824
5158
140928
48542
386739
63759
316941
122401
213558
366832
216214
145436
292091
144578
152896
26225
348563
292628
152890
217692
100626
158004
63853
345880
172989
329733
258364
277641
92988
391996
315189
142868
36290
131069
255819
338348
215682
385708
73665
232131
44961
133590
322572
285790
181980
144637
325101
156332
338715
281700
39177
49759
318738
130974
176359
303074
46729
99697
222276
286444
252066
154667
283941
177728
373761
305977
366274
354592
383042
272358
285244
337579
246626
34739
223970
368039
253025
251355
64643
122580
202558
336404
266355
208055
61200
317902
25620
126536
285720
387470
136414
155634
232776
361904
43711
99464
272985
191835
93228
306937
79835
92391
26594
263852
326191
187185
123885
207692
136215
22169
334304
118602
140964
23941
163820
387883
355169
266335
80715
200937
390021
91456
76635
217411
134964
273245
147665
148214
310997
14123
331086
350292
189719
171352
281701
199019
213754
97640
386195
331628
12097
56094
117937
333005
119641
196941
320115
178846
150840
315512
337035
96631
86902
106454
75469
356265
213602
365338
166325
116110
287979
328701
50184
187128
140102
149265
110050
115633
120041
318106
384848
351889
333781
267679
316449
133817
107896
272543
323225
89419
370329
360046
293
247799
276477
217931
10324
104256
98822
369911
154853
236653
373172
385874
110650
226543
206988
80589
296210
365600
152185
380524
261881
310227
99008
4124
269882
8084
387674
306
13472
36710
345216
67886
290870
323434
377480
332864
264570
297438
183823
279102
348437
196486
205043
46892
353883
386199
235910
388018
179384
159530
81642
249136
302900
131176
135810
202544
208112
196346
21308
181259
47512
258287
374538
374782
327799
353689
209303
42725
367993
225861
82525
252391
211484
115924
261723
186791
99597
198822
145209
319245
286544
100585
202267
104943
331992
176088
170012
87866
136324
302732
225114
90883
326669
391415
330356
309025
33604
363929
77562
232141
144619
192193
110981
334361
67381
309822
358763
13779
34475
155491
138156
184828
330295
320684
13295
360747
23053
356149
147153
4530
107994
350653
37941
356709
122155
257198
358105
351320
138992
348326
293700
118244
67723
383348
193889
259518
347687
215899
142114
154167
78448
185592
20851
104120
78220
94765
217374
176067
307379
262464
244103
148479
387910
171651
140135
358444
32114
164437
302495
146899
310573
222943
105156
197268
335267
214339
319653
60755
42366
335450
31430
106807
74950
192037
14042
131369
159572
299829
294735
113082
159346
5268
107116
263757
117736
296478
289766
338056
290936
169533
84923
144429
88214
80426
14062
224099
188750
215878
47797
261367
197252
70854
305131
219812
107641
101268
242418
277266
132338
135661
65877
375885
369842
17451
184813
69545
262848
196411
184790
109383
11919
275751
70568
2880
159495
221244
97229
351677
104991
196455
310858
383704
74620
251350
332674
55483
377534
141160
355542
341084
132207
168310
238497
342044
250913
163735
239208
210795
236100
294453
326249
342463
379229
348147
48447
228014
30835
82306
7612
242503
215772
234623
376004
159577
77048
19893
2186
107422
160913
246485
25619
46869
309747
141916
227598
340444
192613
103855
118607
19413
80212
292075
345578
324129
356792
177786
143900
169252
196139
252309
391975
239692
146312
370944
343921
277745
114583
14685
98175
226542
333300
145282
321745
9991
162042
70832
102690
154232
160718
249882
126618
211215
351930
118099
357620
56880
173500
108698
243880
192342
231447
142858
43724
107954
198636
280498
159779
118895
194641
127196
217855
98620
351348
165487
132854
3430
237277
327056
356761
296129
129979
18537
57728
130996
64646
199436
292372
338828
57182
267213
34298
364747
129805
338103
146209
70495
162723
68687
25410
360797
278046
131984
197339
37612
103888
357738
112345
139994
223412
203272
113758
351153
307878
161469
369434
255791
101717
76350
159057
102021
280493
59277
235560
54453
76945
165942
57965
262276
82645
209113
69750
92069
324412
219158
359473
9353
96376
90384
19677
167271
24729
235374
7049
61143
167796
184331
365523
251609
372923
357136
168396
337170
83261
331629
228307
346289
269509
33172
82400
260943
142240
243040
386100
291761
181887
196839
58973
31906
385494
83504
163605
363132
273028
186504
127688
289979
252665
100671
319115
107130
290046
290042
200377
325454
275581
382409
255188
298337
197835
131028
208644
356056
191763
129218
279001
28897
138855
355353
369413
87669
177075
351753
163327
6007
248406
257527
305173
282527
189615
190329
82977
386381
145030
21469
205823
152267
382371
352481
201301
16597
382709
66086
148455
161896
188029
370034
106354
38378
136880
269227
25840
16655
223411
221449
242392
168993
47843
267659
89470
34668
279028
365431
9757
97245
365561
192130
193358
234448
151934
135297
315409
131855
294454
305331
311651
93077
298747
149311
366902
55206
282290
347497
59935
356412
96340
309676
119523
79261
18592
59105
222297
178
280071
348239
246203
23068
282585
343223
259706
256408
184941
349169
162900
233414
53463
288565
386227
248879
66322
334568
191686
103441
187641
179693
115869
367430
285712
217485
355917
116195
310216
123473
331593
182353
266746
350636
364550
260194
17439
82736
124040
67571
91544
244626
355205
153468
228068
324493
105080
316523
1786
124486
21189
74989
41021
390182
136549
68221
67315
166551
287925
680
321958
246665
214838
327358
280226
391368
330031
324743
79452
94399
42730
361745
253279
256022
103433
197032
342103
234180
165717
255560
383785
223192
300689
67904
271403
206438
65465
222353
45833
64650
216622
105358
174734
128242
194444
353378
258373
39125
193363
312232
3440
246157
346868
118328
307100
17837
54405
377348
166643
3397
372647
30128
273962
205394
322183
89160
323837
73557
262107
177900
364624
266479
317834
240498
255542
201662
41410
130318
371660
102792
17081
14537
351504
255346
141633
61980
323061
257711
344130
325216
188623
278668
122813
210293
3689
143054
156642
43360
392303
146921
303850
320346
62800
166955
226493
179275
161807
192598
301006
336765
37758
162848
255158
59883
294974
49532
39145
87549
8385
278098
342200
117950
258973
30004
183873
130071
350855
219888
249913
273033
264971
274750
43592
103185
368122
188594
261224
157345
70577
115965
142745
194881
365814
57226
12234
357904
89318
21955
134818
161601
91455
135123
78243
12188
262741
265707
7340
106525
56549
255248
109771
216393
285672
245492
353543
340980
34746
104836
188485
23951
391088
133967
196508
111899
343708
334849
275737
67146
218575
206370
205074
20029
11740
214352
248076
56811
190852
259708
320093
39738
336532
57268
382303
371557
237445
225149
240717
203823
40524
375068
39818
73532
243902
225856
333665
380470
332391
259529
233343
81096
339159
268935
97072
269385
322149
201008
155943
330781
146788
237676
11806
314067
119939
136860
245819
87949
63458
362963
57431
256883
57057
169525
234013
150858
118592
354518
169880
271014
268057
347279
246982
115336
369696
331813
72169
208452
186668
119453
112374
185865
294440
273722
12556
56898
150094
160418
208037
125036
273280
80571
349227
94077
212493
65207
11918
162363
198233
213637
126771
153222
95913
287115
37855
63931
360023
264929
345907
139128
163573
328247
237509
117602
30803
386386
76445
333887
221124
275855
99092
24417
322973
85061
268428
182278
231081
208868
250821
76617
341548
376437
140063
240949
309687
37505
302916
60319
5593
60049
180744
100713
124530
289774
17935
135723
154182
368344
18512
106815
383459
20158
195870
344231
288498
365854
100539
239887
29102
67975
192158
105866
287692
384322
288627
130836
170610
381705
152197
126332
388254
360433
276017
328388
322863
241592
145939
335978
306522
174267
131065
388677
364429
102947
316303
379182
279939
59936
281775
47284
100950
111375
86714
202237
354268
331700
153575
284473
227022
237651
271807
243913
179255
355409
332888
309160
115289
350913
119803
76478
197801
331663
297430
24409
253131
21297
332485
256139
257323
81426
372793
7764
260321
45600
158558
252997
71197
142118
198408
185103
52960
57508
119251
333561
175157
204656
363684
211725
59544
339741
147063
49339
127276
52453
371518
109481
297925
315161
195283
94913
177196
263450
318504
32841
340222
231059
3750
142642
9242
29061
98969
184390
73872
123453
77306
39935
301104
141766
106043
376378
349747
328759
176846
38400
349722
344697
105249
375580
313130
290241
380171
182513
36278
152124
268444
315284
268532
218343
161467
248624
134902
332392
187237
155774
357127
313395
283082
109598
50006
132873
105155
342739
175438
334726
80453
110897
127618
237335
254764
176887
21156
208302
159327
145204
132951
345894
313845
101011
308107
151400
296217
225523
284236
304725
63854
355572
57319
69842
58262
278418
106100
371761
28267
138519
31068
176702
355681
291877
18003
241167
117164
260009
134799
17063
306401
192131
331370
83055
373327
158355
89319
147583
386862
311024
86171
363580
222897
385985
236903
213533
309521
391347
68247
210414
160732
294225
303557
373048
338650
165382
62129
52062
283974
317162
259156
323041
164725
19326
216361
81854
379219
276304
199463
48745
146857
360838
375332
235391
183049
216206
371991
143305
144489
349424
27997
182586
137732
228890
103288
178595
358256
254529
204145
234042
162051
317599
200201
215024
325818
127288
178555
23793
233858
22506
27461
101909
70644
92306
122036
361697
42104
392531
53263
121946
139338
180358
342643
203927
139738
9780
209243
254693
68084
386850
371532
163126
78399
218920
288876
315774
261374
309859
86420
324002
219516
7916
372932
390567
387003
330392
253224
266402
108718
297960
318858
95615
143764
120723
30208
239835
144964
210253
166540
266512
120446
103770
144546
277357
350638
203335
319209
53153
341687
10629
360213
148896
102014
248723
214097
341397
289193
105726
369182
145442
58321
64614
215295
184681
13079
262074
304461
73920
335417
75081
281750
230922
149645
299223
322092
21921
44406
97003
88766
157595
22432
328791
335881
334684
368521
317241
93161
95636
166727
133628
156462
73488
382094
222939
274636
211962
62927
124828
213077
85050
62328
125583
123950
316413
69180
17222
346198
272507
149115
30357
162669
286857
359254
187145
50999
125672
101273
378388
326899
95843
240798
104761
347638
209260
86230
297062
180727
140839
163808
322151
24970
160447
261748
242728
95764
169706
154050
216858
250895
195740
66933
121563
143862
13720
99311
130614
159365
1376
283624
386349
259921
128058
365617
69897
127990
334285
33731
381363
315962
120376
179815
345447
85691
389265
129234
174116
219649
189611
229271
51592
184660
37040
209356
187212
93021
12788
54445
234731
268245
146137
291965
272838
56667
26065
194545
119081
203025
21319
345352
52067
281628
331139
125139
26972
259303
382387
380205
1005
289253
278594
52190
81482
171551
328836
52113
148209
173053
318871
168686
249922
373167
122340
221386
338410
240679
371850
5012
164800
88226
225353
179520
189369
237695
90551
151623
125293
245020
189946
352439
28490
370056
332288
263329
293226
274884
251022
374636
257184
264989
378152
227613
37652
259216
159547
189074
18586
50727
317547
48589
367732
190411
218653
202784
88418
164655
221231
199274
111881
62242
324448
312976
102959
211841
204105
191318
55242
179827
377398
64298
209305
81808
259645
290460
311409
302950
321053
185330
157300
242772
152515
319447
342975
288804
167726
353900
9973
1077
308395
243276
375191
27517
269306
51076
234421
329766
331083
157796
57232
382119
361317
316560
124349
348146
291130
14552
302661
294764
19779
339065
244038
107561
311121
275374
129351
44070
146441
201781
15222
310906
328038
242334
289485
336318
46997
238784
216365
226295
11592
249440
112161
209631
31236
141768
177763
49564
60316
105739
21312
242396
364563
40353
184639
170889
314495
196233
361721
118303
327078
338585
197408
33337
336221
227896
52431
359783
230015
65607
288308
220615
260210
337616
180597
1652
155936
270722
5704
272481
212198
190392
25303
240710
91893
188904
124623
266636
44076
379189
52123
343679
384559
46975
267578
381123
391898
219980
211723
199312
360519
3081
370008
316630
190320
12983
9843
151873
75754
193048
77656
243992
199384
162374
344449
115207
116653
359440
220325
109576
121033
108976
49557
319114
139663
81371
217607
368774
150878
206915
353470
91568
20966
239413
240669
367535
156248
366854
386794
310755
145004
27286
327536
187451
312633
391006
142945
352961
353801
162116
359209
153129
246118
87993
128287
217652
284781
220033
213396
318184
310458
89707
161068
381475
182383
34951
323267
175208
99841
389154
209625
44653
283290
363949
303115
18733
12101
341449
77042
264589
140974
343478
223943
108049
261682
82623
157126
165621
311463
304505
338835
260049
203182
179159
88437
351644
379810
247405
82023
249203
136910
333050
154958
255044
242923
310030
223538
150855
348512
342791
236412
6303
363261
160667
255652
135790
232478
45574
352645
378104
111753
190507
229346
358828
149012
379034
35251
214430
231838
54990
368281
224566
306053
285777
360462
215123
84334
50765
82754
282931
298617
89738
228448
225228
225934
287882
125636
160569
326263
75401
276216
30657
319166
365825
307726
309941
99987
177944
71434
173790
107972
301900
1370
114509
56845
102031
37214
157746
230128
368250
224430
130607
129201
98118
339881
190694
17501
82885
26672
262582
277091
74656
325628
250409
72689
95875
47177
210534
220378
176061
381758
156303
87433
340839
370855
64912
227215
135364
73895
137805
222870
171287
335538
277714
177521
113028
378149
163545
196662
358370
360636
287372
245598
49754
213369
14517
21541
261547
228605
89551
280420
80953
13863
304436
167186
303933
177382
356696
263833
112930
175598
139605
145641
7893
189584
163190
108586
284741
76328
68644
329438
179006
117958
27091
315467
281004
327333
295772
76205
133329
344699
254823
369870
148122
374526
115320
187878
314883
267493
133229
257752
67378
295233
348034
120495
310278
326806
25058
26052
348120
212205
291327
326335
77335
318538
327677
204335
120489
144208
230503
93825
247182
353023
86028
376674
43600
240529
262146
304257
358887
234808
107050
358819
251593
7567
167542
162654
383369
382015
373477
34323
270393
63184
368304
153421
69765
40705
178933
133217
267873
362738
32035
214214
353435
183948
383038
340750
197041
338768
383793
192150
373565
142206
89268
152345
57744
388451
136803
279654
135657
263986
377517
140400
392601
360912
170451
199943
344126
101992
293511
118789
298634
274302
375634
230782
271454
46154
194469
340916
266788
291264
310988
322066
327846
287691
226173
248513
287399
251933
272045
29073
288198
180320
35792
231576
149712
157015
3214
336273
149088
33044
248991
274003
347846
60689
86428
316956
253563
238644
89792
349361
247711
185169
353094
129418
383084
57416
388744
94401
93726
61901
365653
321818
228445
280652
312765
361853
329156
120675
237654
215846
346549
59380
32291
344259
83210
77102
342882
31960
112111
320985
294097
126833
239701
133655
73325
101139
154623
73966
186476
27582
234564
384479
28233
259300
345908
229866
330287
222889
334662
249982
22679
17748
172288
363292
299463
65024
235390
14543
326311
216924
356001
88115
83257
325421
68805
58985
308441
270555
326829
338600
357992
269026
337450
194124
61177
303105
318489
72365
120108
366469
385773
134927
128480
66856
66877
9196
190156
304342
251070
188072
136529
282139
21250
259967
366444
236756
329364
165763
374702
36696
33320
304175
307798
379423
341067
75504
78425
234857
295114
216755
343917
66091
289749
390599
99256
177381
360499
23459
261922
266348
362746
286862
262969
213974
7981
245967
256113
379130
291706
249089
294384
49949
228119
327114
144753
13669
67698
145881
254033
18314
325868
333521
388849
328313
136343
351014
303366
340025
282581
340209
371978
264873
197159
149727
109232
39335
381791
325834
318155
227632
371875
299797
226073
134851
203125
346974
384356
141684
225196
15109
274187
172087
68003
108462
42822
97781
72054
362772
120993
279278
381254
311583
315274
227062
372269
169992
347488
146394
318556
217336
221226
333680
180079
34625
339949
170618
25525
119676
312058
117727
120703
165180
242520
304745
296267
326430
299181
371056
133760
173817
222733
344543
108977
187655
372386
67021
97771
312072
312382
271826
303944
320031
22222
141377
173807
280335
340105
277477
19057
77938
195253
350958
8523
331113
136223
48377
216552
283223
117217
293159
7373
142154
51105
38304
297554
68012
39634
98585
231876
330989
329722
151809
261506
117499
238585
173734
41
44703
121614
324512
4726
237182
343056
231784
159374
211191
226872
227307
202660
203801
69964
345036
287195
190848
275081
303881
382180
295196
172965
158637
330617
103155
331799
69082
73818
310524
108044
367561
185399
12997
264772
182796
45722
301948
347468
86439
377233
3868
364794
43349
249527
329315
207657
210746
127771
301625
373925
324600
84477
28257
216659
223511
28348
131608
5157
151672
331567
48401
361116
75079
336222
145090
383513
27327
279138
239062
301308
4478
226273
349153
23248
315337
25295
10662
298458
96783
333428
140395
100684
68190
291930
139966
185676
171507
194223
133707
146346
151065
151090
116180
109969
198729
389362
241587
381944
234981
366681
202461
364947
270496
296541
55185
68062
256405
63649
103422
303049
10750
322145
94797
300319
125420
249257
253478
12735
117811
377019
312852
110537
139552
348698
322285
365034
250956
175301
363524
387587
324396
39040
47961
232276
332884
351020
275274
279737
213858
89505
290412
40283
163104
203746
325534
22087
27334
145210
231463
297493
285169
292546
111092
244058
375907
121251
62753
382297
282768
344563
62677
329581
225740
173032
326135
88117
374053
316518
194501
312435
1177
183567
55585
71944
187530
149284
2823
284477
209924
217045
34297
98271
104139
78859
148636
209804
208750
345909
335597
321011
107345
362224
168374
371304
184396
102828
213153
368050
352431
54105
380826
355105
311588
289085
37456
381833
193386
168624
262661
215546
134157
392103
288454
168229
379659
341453
162324
124400
251552
204008
196123
203191
90414
364033
162858
268781
138621
304260
217139
217578
232311
150236
344224
277528
199787
26722
57629
11702
357539
148124
177272
274376
206456
72155
24497
146026
114625
188159
334382
247358
232250
199844
229239
128398
247708
4154
347324
284955
205970
25502
170520
217626
107874
228024
236735
91172
153103
358652
49608
138052
265833
36214
121214
340448
26294
159402
164046
220103
33548
187766
65556
254779
385327
149165
63041
25125
193904
188405
171978
266521
236771
17494
354290
118854
82704
69936
238564
400
291001
339930
264824
379758
206444
211700
128483
325745
214321
31816
249305
295706
279386
175937
360138
165495
270688
288176
173443
363649
172645
139850
4872
41369
328136
39601
270394
19739
319587
245106
83067
320171
256240
390788
300159
190839
131537
169505
148120
302266
339983
380503
52267
297507
344824
312131
391858
53180
141817
40814
19735
339481
200291
72192
256978
385092
379613
383437
25893
373366
41543
20594
177829
96184
309309
59960
145716
172294
355754
208799
156069
380827
231218
345722
382389
282356
355845
108666
357689
106167
354916
352854
375407
173771
268224
138158
29816
214371
85927
149030
328956
169601
355193
112437
206401
188984
312450
79971
98552
95788
50424
90918
204850
280534
358220
368771
340589
234911
82786
58317
92952
89320
29940
172420
353908
252896
192004
55366
158218
13259
251433
380941
70524
331931
339185
34647
176861
156591
167095
329958
169612
255711
355016
314765
116309
205455
339589
240415
377569
241360
389264
228931
292717
333027
375834
82825
312019
228787
224749
272419
123211
355478
166431
45099
216634
72255
380531
86140
144667
360935
267271
227860
219436
237574
24904
382510
74239
310572
98053
143706
83422
373750
309851
72664
238520
147227
268061
75397
319481
144907
291301
39868
389349
311652
80534
65776
19940
295764
180551
68548
184061
186536
153565
205342
282043
197707
351603
307985
143501
6293
376676
383192
320038
102923
247023
280354
214425
192001
333284
132532
389430
119694
48118
98977
174293
359712
84839
292405
242484
334982
137258
288437
337983
42568
360746
271659
233371
210081
101106
69471
319492
202754
220798
334368
390742
138680
48072
313083
73771
377701
138903
145402
362558
100315
99249
294233
77935
190326
8342
147209
182830
327034
329724
103724
176373
331835
392682
92769
335847
237823
110462
70488
206566
71820
287640
306785
215984
46761
156938
70900
300595
146489
366084
110523
292152
146721
201574
172570
231639
50634
6744
82995
212996
151620
167119
376748
280739
261376
307712
243133
87047
371548
313529
118811
387351
57981
136344
164358
303955
261676
391707
156297
97424
205677
109896
256868
27727
241475
128634
32629
108393
155511
62044
89894
151688
244163
83259
139741
148328
153815
37329
98539
359793
61696
229946
371546
289302
334826
164291
58299
173114
50414
45861
41822
95745
295048
230008
40594
92925
54154
124533
