276411
247288
156010
41053
364486
193069
207966
7806
110447
347124
174552
313493
87820
124961
155698
113130
276251
147622
43146
116186
236353
238995
80911
80159
208185
151922
93815
307920
129183
219784
146483
254092
349049
69490
304686
308459
165152
19517
343573
210440
142362
384275
314969
152646
60083
244290
88805
35426
178926
378043
351029
365183
74242
13711
171842
68777
299467
339294
251508
268774
213474
243655
264329
184689
237900
103716
162098
8725
44254
273000
154524
255219
351467
13730
5214
265418
265761
224723
250839
218420
185656
23812
161475
186963
316469
152582
16388
19781
107727
342659
229011
350601
334483
238989
282354
4507
186994
390127
199401
351190
37720
4084
372090
133540
232746
105118
112869
105331
358567
77003
355624
132312
247267
30931
260654
388432
350804
128187
6918
392
351828
119024
142107
172506
373689
170859
161974
136731
378350
329050
135627
238611
275634
5226
19861
264297
363577
167002
208159
316352
298313
240898
285285
43217
56347
61885
281063
213195
8446
83624
53609
1025
271059
197239
67151
44274
18860
78993
372854
75050
84126
255224
181684
300635
75084
330701
65092
108538
70604
120320
379576
134190
335937
205350
316781
38367
345605
230513
79675
310731
5844
179572
275402
312113
354208
99216
18956
369763
115430
360565
86511
42966
349297
228949
130684
157855
299596
74680
228503
183760
179375
256307
122745
278274
101634
362169
273303
75007
264697
296752
246084
327924
268175
120847
224961
217183
119021
804
386282
101077
21538
65869
190777
328904
256247
362067
209004
35129
196266
225134
64919
278364
164089
258677
88152
8664
360280
86274
237608
293603
110712
18160
266163
123022
350516
325469
184167
340191
392187
365895
85966
368610
121389
267325
128963
132891
15075
310215
298356
338427
21080
107257
221751
3650
80662
276192
374127
22226
82802
40684
93561
318803
155571
81747
258357
377965
52036
300819
254423
151866
103392
371458
261680
126350
177721
143651
122979
219089
225441
224651
28621
49413
257796
212048
202330
60488
211720
194561
159204
296408
312639
129169
156528
203658
353855
250299
33156
311906
258057
376293
326591
126102
267820
212169
95720
254096
331745
189027
7167
27614
331896
276749
288455
59061
66205
278060
238095
373703
29928
340127
306055
327565
17333
92740
385793
236792
154563
162414
14630
203669
311414
127827
107879
90582
376455
42923
308642
261214
318447
144913
229
242277
172317
369328
149154
340592
343129
337138
272366
363977
206069
138341
168089
105813
294772
198917
303590
195770
311098
350567
220147
136167
234153
316786
56119
141989
237952
101450
197982
166022
32050
55431
124721
33113
176718
135007
204393
330897
142128
109342
382153
336657
204332
262086
205945
328284
7403
96247
54123
188422
265512
85092
45066
226540
301451
237141
146499
167097
315794
44425
39554
56389
354521
155371
106770
235386
112865
73107
22673
360108
11894
230353
251856
254869
361524
382753
59286
291996
325458
327613
379100
297213
154887
220371
58408
159125
162050
289637
385373
55045
163806
162184
255813
38095
379150
238623
184840
202203
70238
122141
331582
291259
249830
241156
330093
135630
312505
222713
1629
326762
258750
70974
116083
359621
184852
318167
187326
308930
367742
28851
6309
357140
95744
335383
118762
152901
75215
295815
254411
274606
351635
366683
380312
241258
231281
37994
52573
350526
40709
257128
235481
328508
130228
65593
50371
360721
183580
212025
22609
342883
298507
78171
147489
236366
361619
260965
338956
349847
202464
129082
129623
357002
161349
187108
193640
13296
132365
368242
367784
91244
199385
268568
191063
326561
355348
97271
165060
388852
51600
121820
224022
157817
294449
100814
184476
248192
19322
352881
215467
342818
101101
232787
234159
131149
299864
24051
106742
138213
54181
75180
248661
325722
108085
107579
41840
247709
96958
230659
5243
123961
10370
275624
216632
122471
21381
170808
196572
78192
167404
45071
100412
39078
202381
57632
83666
330210
198712
72097
155255
101481
381996
275348
368768
41640
89732
143098
201742
57617
128201
116709
100445
236667
180069
313071
41265
238100
72430
370966
279589
99348
291474
322915
163681
159997
297794
25907
212131
78487
4552
226702
54097
111683
238140
147331
56277
187926
230138
95852
41962
356636
274464
85836
28095
151357
281982
208299
308761
372548
4953
340285
66502
207929
240993
297686
48087
285040
371886
293934
27898
162448
100554
146819
392397
141238
371102
330393
97396
282704
195541
331780
32304
174435
142899
317873
236764
286031
378597
176994
97923
67945
71381
159923
186472
358907
362069
125404
176017
153778
146420
147790
191939
150663
322177
184883
55417
102058
96350
183749
384304
23694
33590
222644
342497
2940
273477
343193
239665
73337
231247
270817
228631
173582
89270
162022
368405
188879
32276
363349
7767
79178
51483
302251
193815
65811
86886
189086
165221
199191
94843
296130
371538
23479
118624
391334
331243
351914
122952
225004
392659
290145
187025
208297
118408
152944
42344
33866
90656
350059
152227
132334
211379
190451
297824
31176
106438
217399
198539
356215
118490
66662
12030
119029
239761
277839
299652
186632
375076
311776
302131
157054
225173
352901
235301
204345
163461
257590
226999
150257
363436
309414
149552
111131
133086
334318
186631
114316
114966
89558
298101
118078
220392
260218
155775
199086
230852
9925
183479
274610
123080
106112
200267
37920
125202
179047
138553
332543
210979
228960
52171
141475
19565
331898
91406
158767
137082
370495
275148
110119
129956
315568
178688
111650
199793
218998
100646
137377
140440
330837
62110
381999
225299
165677
27544
353532
347808
165455
377294
237020
360501
110939
365801
124680
57039
47924
104331
223815
77159
148590
126012
108866
70719
342838
391092
258525
286905
117648
223433
340972
256705
232569
150135
218329
264068
277671
321320
290687
287476
378368
40836
311897
170977
339903
258836
149723
374326
139555
273849
116665
210266
321498
283802
27257
224324
155064
135093
325396
47784
336579
290092
39094
51830
202482
220418
385752
228872
250064
281079
239500
374660
34282
204399
38905
47203
226563
85029
351647
35664
93421
204120
28344
132241
102434
372050
340617
201163
148872
87085
74734
326463
30540
270884
142874
136726
135175
196301
124691
228251
3305
85166
132003
227901
30360
19003
313168
208397
148008
391619
155663
147138
33374
341887
73382
118
296629
262227
173568
64844
80704
197494
380182
95191
354971
293941
116619
210843
113203
58905
326935
90948
215464
277675
57528
124517
299894
25094
338800
160607
165771
26877
76923
89091
353666
99338
85221
192905
271069
226737
106251
310016
320506
275552
306216
315628
338339
109590
1193
8922
4539
11881
343369
327729
150201
203868
268374
348494
156326
84736
242145
215877
214692
342263
176847
109369
209549
268971
324414
188344
106219
197378
188952
159541
65061
238806
344087
9622
332673
93269
313550
331936
107059
196060
223987
64049
253401
222027
236715
357897
340339
108305
362248
132300
117222
340545
66733
226495
83413
221007
317181
210319
232801
17722
340013
69725
279029
320178
172920
332440
16603
236913
279901
203187
205375
179991
40433
360244
91264
116963
294872
228793
19990
12327
21891
137733
108457
299233
126817
215190
96813
137490
192649
136449
192343
239210
83316
108162
156707
206305
144141
339725
311407
57916
157774
207680
374308
317981
43955
132776
37140
202847
13672
339841
196396
345310
191955
218532
389708
3355
317483
363908
214194
77253
41758
158825
250808
237245
291626
5983
216157
226567
272990
315299
189975
228407
104605
244232
384504
168261
275926
76570
254308
86679
325308
144267
43257
177827
338655
213205
105213
348369
270619
378148
112273
107518
79312
303673
148994
67749
56643
75544
27606
5582
302050
286546
322442
175941
305570
342665
104012
217962
344500
160074
330452
20728
383276
198395
143869
702
261516
62053
294231
36622
141946
149045
376789
24724
23009
155059
273252
232675
155109
354604
128110
332416
248599
268961
368231
321071
230213
145496
330354
359436
283958
18873
81914
370048
298175
305193
284494
343342
280627
6211
20881
365736
34005
382379
256077
133043
99521
48812
198556
203626
81409
184456
123110
155568
168459
369335
149801
233748
194095
7988
364936
337889
266807
100526
287062
304515
267573
2974
139903
334597
127790
302558
227846
210550
199565
127279
132382
32616
214203
247558
371776
201793
78391
203495
49229
346661
124789
339003
351551
24682
209484
185372
313030
118990
266086
189293
187944
141023
84578
16451
282702
382540
253718
91797
248399
282218
360370
337547
361747
35917
340307
243224
247826
172263
13469
56771
234874
104463
270622
54714
310263
331765
270635
284346
298914
237123
7407
351445
140315
296254
227125
321523
21238
53370
122489
242157
199823
110722
243720
154238
84904
252011
382058
250359
196480
142082
40031
98511
375315
3882
58630
62692
113938
341826
339255
361547
209189
353579
249287
182517
33540
169930
384766
22641
212234
110490
21659
378150
258412
75993
115540
43726
50475
331114
224798
209350
45427
388214
161603
231112
290655
79714
64683
114595
341029
316321
273466
353988
296895
84166
362135
172170
184265
78458
179239
129552
303310
108174
104648
250290
157343
65963
188916
7416
381273
251292
230909
10857
217372
69131
141956
337221
107242
278757
224645
35325
343894
271360
283444
193122
340464
195291
101145
336255
3380
344752
325239
145192
41322
48291
371714
87704
300631
323418
68279
70999
201016
24994
196611
86729
18021
249392
344028
342095
326075
248817
254074
122118
314755
31416
14229
200011
282140
171339
81040
86011
278799
358125
94961
114181
241839
149194
65710
203564
95379
297216
258143
304297
289410
195165
220359
195603
346348
46781
340091
298850
320444
252756
293317
233614
7538
214623
294045
279408
309429
188517
205518
87729
122102
318220
324716
134615
265850
284188
353540
172409
338610
155069
183099
1286
200280
87859
320016
90194
332280
206823
123093
92834
14032
216591
101229
261119
165645
367551
66262
4968
218353
379545
308315
83068
63030
322978
158172
26688
29449
81632
392044
64424
78735
278633
137389
125414
290799
59357
211626
261074
11287
76855
178920
296002
161883
98228
47060
207054
104664
104830
276182
247392
310307
25601
50904
176872
252527
125796
354923
330134
309623
316018
365086
128233
84666
272954
388594
139378
10295
282339
51569
148454
386583
344431
297916
176295
53016
119574
369920
178905
306159
62083
345417
148871
125523
369893
319032
199526
205979
328349
30883
152819
183785
174273
246918
72114
2020
117330
56689
58531
240826
269693
210055
131167
312384
375962
152875
339163
191575
183410
80087
56873
315549
245078
248751
338043
54455
47105
66391
140714
192487
146654
14467
70902
332788
352404
296703
297440
80363
103887
42294
324072
380676
111102
202370
11058
318534
274684
170777
307782
128031
143720
189323
328344
310292
278818
213915
311201
77345
26110
366501
54218
41196
372865
216377
361755
107377
59898
325079
259182
70611
265277
229057
63058
21135
199520
362824
303424
377803
159595
283114
316348
67438
133972
284816
32032
35578
74709
64541
107109
154755
232095
300974
218075
307058
176742
190532
347051
175410
313105
34383
133022
160945
28806
56943
129681
22781
337226
291882
136171
274909
374355
27926
287044
387927
10128
41705
193637
155605
59900
390394
136056
277658
206320
143940
108211
209601
96817
198378
149739
188569
384482
356372
136698
66773
309667
390707
30487
58680
305419
270047
159927
319816
267163
284504
273666
96254
245223
319362
240925
169232
141776
144159
259207
305682
371642
5103
196034
387505
142541
44561
354194
229839
297058
373051
314402
193485
33873
128292
175125
258666
107792
271553
392365
95145
109464
391488
170400
49272
129574
374459
117674
6429
239808
34361
244470
346148
137172
372067
114697
92011
297370
242673
328728
242443
348283
109572
157280
6068
250728
379086
198473
117344
392083
228868
366734
152512
367234
286314
294518
253990
388879
109634
288660
117988
272908
18102
341184
202808
175606
383740
321101
314074
261320
255130
97849
338684
121657
9931
264216
359770
124612
71377
136712
158469
25396
47943
161852
338883
182265
68933
183453
17231
216178
269995
299675
155826
88821
211349
47401
209143
296153
29290
80056
320364
84446
317838
82174
205919
257429
93325
289286
268460
124936
56737
120790
84591
162192
283788
15688
17666
226678
292771
92986
161574
322231
207466
363881
285101
348295
298334
187183
78442
226228
218766
147088
97481
373329
45206
229595
18694
213230
162808
133738
244395
362296
50446
79622
190619
314534
293891
10531
119572
209565
225787
46407
354461
355363
307312
46618
152375
76148
158598
270157
61922
347482
385051
193209
111565
23767
198112
350224
284727
252414
188535
294591
28890
117604
226743
111554
370313
262340
125408
306317
153831
270065
357313
370784
230145
335027
243329
42098
295497
222570
283359
74663
139091
53477
84520
93068
366110
14089
199651
74990
367613
311549
76532
314110
382887
163944
19334
269804
90090
38461
18596
100081
234734
174600
265883
320518
12435
369743
192751
72855
108578
26183
25182
194964
386797
135620
331388
29174
311393
60560
334359
18383
41375
69990
291025
283025
325972
199031
334351
371260
61406
193220
312238
219369
276683
84242
70165
62352
281374
132567
286957
299987
115110
205195
71723
303581
145904
262462
18699
66823
104541
153002
277430
379907
258072
19355
233578
301052
257633
347792
323290
180432
919
185117
34596
67764
59709
365847
139310
39759
347895
371179
31902
100582
58857
311472
229451
139095
218264
164205
76814
256252
24827
2569
181539
50608
286698
76204
351568
47552
159963
38774
383122
350086
70013
267721
162594
49018
26564
378123
375972
154810
185400
97163
372452
291900
121902
31394
27745
233592
11002
90910
372966
111571
12296
359300
283665
84066
304691
5336
303968
131272
261915
307671
318148
188814
364697
95043
191072
25449
216566
302289
262136
193447
165962
316565
52833
302687
130734
20216
224515
220420
208445
113856
389572
176974
358044
94046
127073
203988
120784
8053
386917
183815
359872
287838
204317
294966
69401
117693
179106
200610
378438
290438
211429
252772
168200
235010
131820
6177
360463
265914
165903
120563
77148
105746
16175
68870
92891
102133
260042
161937
285437
302969
184305
322143
120230
112716
254750
97015
392547
67320
361857
265590
291831
150268
191086
232904
146683
87681
243009
317563
356845
320217
245424
87526
137891
301382
274240
86522
46486
133047
190857
376093
86997
380072
222937
314149
227367
256787
248591
270230
47912
389295
38839
382235
351331
348586
339132
222470
199298
223607
3362
169890
63412
310602
164257
148071
170907
174885
161021
227608
265915
254348
9974
382224
272527
339206
70101
320757
206514
288281
255774
65096
10318
361386
30735
119854
308454
186779
363936
124131
159732
195516
955
326603
70496
390793
5512
127672
101831
178103
247785
346104
100690
257524
33659
240044
188564
381929
278086
294753
184833
305583
363396
265425
63497
298679
59669
154440
173142
181219
269643
232687
280227
270150
8558
163916
2202
38767
364365
382341
294126
11132
3643
188326
319771
389627
372556
361245
27177
168989
83416
232058
318755
62387
59014
285415
224687
234767
250589
355876
257339
181837
116643
364063
17277
355880
136218
187281
265756
5973
159978
67006
55589
374437
221006
364445
233781
321935
391397
38145
295824
3233
224146
247881
290647
187492
116289
5004
157936
203031
70413
127753
221800
287671
334453
159686
339670
71104
284609
139834
121861
21865
137368
62222
146188
252863
340824
235198
79469
46602
218905
116869
264724
207662
112629
125821
319750
93678
346230
307538
17266
336266
9899
145617
230302
369114
201723
185930
277473
164298
132551
23094
3312
42325
244428
307732
280193
315544
190649
349322
238352
253306
332983
169816
64252
234696
73217
17088
103183
240519
10352
222247
21230
285190
93818
160506
154028
113296
330696
264071
306691
297368
142007
121980
149802
68510
54630
138153
80166
322741
5679
111420
290382
232897
370491
300163
313507
329694
381998
31704
8107
108795
7125
79925
20433
81594
108668
56841
135079
385157
279620
165695
228325
41157
192846
56093
290209
5009
112115
106605
330510
118476
140732
69836
67815
20217
164899
203361
372120
88215
336502
16972
309979
231214
125776
245579
318437
283458
283900
388942
6262
63084
37916
372487
195484
197612
312318
304210
280028
351875
117429
35690
98268
256001
159387
237214
287538
162003
240413
24653
373728
158202
4722
213032
216598
315899
26235
339718
69628
65040
372134
384621
10652
173686
100856
180877
47664
146661
249525
255745
2643
306992
222199
289385
359499
113341
86766
237633
212788
270744
342062
22019
204625
194984
117616
159362
214280
52727
60044
145082
188031
114030
68355
73365
2551
282960
212861
116957
290883
379005
107397
95739
209099
103849
241734
230917
95087
81598
185068
199096
88181
294526
361198
257884
54806
353236
96237
326841
17937
16715
369814
122175
381138
157827
160269
160765
156106
54144
192907
95426
285267
4492
14433
217716
238154
58435
50606
261697
242160
164712
282337
103647
388042
253106
194461
251786
391643
72539
25316
153990
14132
333056
373006
256210
163236
34920
292318
10197
363719
198962
321174
297728
322530
249421
385969
23038
211990
263465
193176
375992
188430
11438
215490
125503
261515
363780
133126
260102
369587
113542
297427
119330
333861
169053
91580
120519
26448
187710
105927
379096
75346
163963
35963
390220
328413
93508
18732
147189
226978
122922
315894
323611
226216
18056
388589
287930
28754
244858
193959
108062
126095
376743
297750
254070
121757
206561
361146
380920
232606
44960
16482
221897
222243
360466
1509
132993
165513
138652
213136
137164
99819
149994
29932
387703
157519
48628
284379
372745
32623
132328
41863
351740
187491
211255
232703
77342
249185
371297
2100
114447
369891
269648
310599
260705
44765
55516
231792
157864
60673
90518
250477
190422
327726
295607
3293
4208
268832
378946
152714
39787
196265
77440
286203
311860
53005
370561
13407
329845
270493
261534
161990
124367
52593
50060
138990
374456
54327
146959
326931
162761
356874
151467
49146
35000
126774
306491
286933
281988
329593
344397
379220
169564
132223
342105
92357
68914
43272
110666
135689
279333
92125
148350
296063
13512
178105
251145
159539
295976
37558
390295
91075
90062
184010
214061
301094
341739
119234
281340
154063
265472
315167
383945
341037
357307
32060
351638
151840
181541
368138
309796
303747
178100
79541
38904
212460
15641
125936
112485
177434
136786
313368
192736
351574
103023
140336
22032
166206
239537
167479
131139
204960
192181
214823
148203
30183
374126
185039
63937
168891
160524
83102
246656
183880
95498
107168
275390
336843
293446
119613
52790
317581
169022
237980
170990
48265
95655
7708
226909
337447
369663
301765
88031
106607
244705
3032
28083
246603
244195
354861
21192
173174
392222
174763
331991
65336
327477
133871
62805
205698
181151
355994
274443
244670
133359
152577
349417
68707
7135
125445
120380
14902
35594
334528
313165
38360
57023
325824
106872
362801
6680
78953
264729
120505
371001
58363
390532
225902
297144
351483
189239
40786
120864
128563
35260
8974
48954
391071
17503
285276
321793
209269
85493
197684
217983
201372
90898
182247
14709
352699
368757
239005
340168
371687
18886
173611
116770
338884
174673
348382
225890
271719
364115
150883
43758
23484
373934
249375
168669
94974
51193
47684
387547
281575
68553
343371
25828
184215
163256
109964
114222
41304
184205
225502
125725
144641
18354
93893
77519
228446
29922
202137
351350
293250
333204
227979
323557
16219
254464
274724
344549
89392
344052
83299
331259
259909
183652
234139
273731
168531
66584
57305
112563
191838
143107
248967
209022
359076
67263
301750
85320
158591
41744
388972
135457
352937
205154
167238
364710
42836
127051
178463
34664
190030
178257
44281
30845
318775
110726
388854
85621
120102
391196
62075
391266
42402
334088
257056
68545
140421
174231
308465
370695
204273
221956
118881
80440
322593
361338
77397
233920
383396
88056
225748
302940
324061
366767
366192
312179
392230
142935
305953
52238
378362
24398
50759
46541
375247
183231
178420
60005
372026
179994
286039
176692
54778
84814
111764
75669
16767
181119
48609
317764
12503
302395
85001
300107
330073
244359
179731
166197
18513
3592
385993
259511
252820
379064
263390
297005
49768
55923
103080
308801
148676
69901
145788
22337
122257
226322
204680
357581
179838
203996
339443
267907
345089
369970
331981
6954
197342
51235
322002
330820
79031
348861
32729
163661
195990
336854
279704
132201
13449
263941
321507
27587
196477
94442
179423
31892
169475
147474
245458
90929
68103
177326
20838
143007
101523
346675
31407
92003
367721
7433
178909
200032
9354
184713
195406
312127
317145
21797
345183
11612
288802
118674
282306
224829
327757
178226
21127
71374
91973
10459
160941
270692
44310
192024
35282
9304
242388
98772
215367
273555
123099
218812
71500
346577
271278
391492
167990
151894
4070
276968
182446
278643
316674
328562
110036
25030
215752
365955
197548
107232
240284
331284
210025
54156
67812
191101
377169
294662
381136
70667
100455
28710
315990
279667
261862
116617
76196
275133
239746
327016
338367
91940
339706
5244
143647
354917
347094
125954
357951
107891
63762
145051
5796
310124
360740
19738
176655
323781
313674
56790
37013
312203
125889
127326
242256
215989
81464
129072
3419
255389
8501
261439
188307
12012
391307
67797
41688
48754
232648
221707
188443
363399
260401
351097
294665
290959
145849
381221
360332
346415
38013
16434
369447
226796
315520
220223
220768
237746
237443
72362
243654
54299
254185
85721
114304
323937
80069
107502
73296
115708
84771
326542
224390
342199
316940
176441
24247
352537
309942
112178
212294
342844
63578
109677
18585
149822
91090
197666
349226
285186
46190
323401
151007
33767
257569
285685
261938
304720
28626
294211
329029
158426
328881
329170
100859
158173
389622
14196
131575
11950
382491
287928
94625
79596
217191
88938
241885
273547
217324
259592
19514
173926
248220
388081
216800
27621
166614
162679
165257
81420
263712
72227
160828
188971
249037
289397
305482
304914
175692
310107
359510
248813
11263
159801
332715
213460
370275
109338
322541
36275
307535
361415
322914
100661
163224
7325
211414
147902
26769
174835
296370
82756
252871
156565
171716
195048
308451
130170
208878
173153
272393
201997
282039
195078
287609
32605
26187
16780
233805
350682
145698
276271
26301
64780
369113
194781
110865
73707
245331
284271
238978
15652
153765
175573
196090
377009
259500
375650
30053
113092
206106
251108
249149
238204
365422
311598
260938
88345
342928
350281
255855
107017
87358
278340
238010
127699
382107
68032
40734
52502
217518
59223
299150
217235
389094
209383
125345
263530
117342
320537
236228
130146
263650
371478
92615
175415
324848
55498
170263
137631
323175
257399
360195
60760
208649
155820
301861
337237
372892
56486
268620
1945
113562
5020
94925
61282
327599
53794
352610
386077
30099
166552
195780
277869
2396
344517
33489
264912
317325
281388
75266
170370
21371
137884
232355
375947
175167
222853
297565
406
258601
26645
115381
283670
216996
189614
105960
209245
32498
69032
207448
96793
291394
104719
308730
50335
388470
212987
107152
203757
102210
279229
375598
99228
22053
193493
103260
151178
37287
16944
347176
80785
37611
353596
184574
5430
59066
376709
56913
130955
202517
152040
8619
71701
276511
274959
374473
183444
181676
148068
374366
225772
384098
261298
229767
239462
76429
377663
335166
42335
289969
297412
222453
179245
134963
64792
153568
378042
340706
267281
253446
45755
231602
91190
346995
376217
124008
11034
201377
338398
311426
259536
188007
391061
68431
109730
390628
247232
302539
290141
22266
40412
105975
94363
283272
149185
153589
370348
165149
226683
366295
332213
178474
137633
75645
195101
85933
347196
334197
248861
363384
205266
69391
347257
268848
153532
218018
187273
199853
307342
69767
66380
45978
42101
359168
184891
240466
173612
73588
332377
76405
244377
68093
54355
383998
156854
78469
46759
15462
151343
122970
247289
212831
306333
213924
186744
81190
287519
98919
185693
275084
268800
39964
383741
344739
382556
245318
112147
137323
125307
380067
207599
343951
104616
246087
183278
19910
192026
253704
365506
382605
264757
291007
241476
185484
151486
304756
369310
160121
120004
353341
380088
390604
109701
184831
272109
341616
18953
75639
171385
101642
144699
199356
189942
237948
179
9453
103333
85140
216038
239967
219923
164921
200158
157104
47366
154509
133913
321881
106614
368133
127343
190701
318988
280621
230630
96879
145990
117100
44969
305295
182782
373972
48100
322386
79962
165297
42093
25167
95450
163982
348080
245098
65646
28923
298349
326871
171647
169965
357859
313615
25376
233492
268688
315953
318798
57276
154646
344336
389818
363174
362189
296495
29313
386939
109225
210523
110241
385054
210939
256389
119284
316721
12533
351907
197702
190844
137780
31947
183212
163336
294938
19390
98116
255830
160691
52403
178923
4673
196488
25987
296268
211816
92531
4670
105130
8635
322875
88068
54288
197905
302625
283415
372343
119207
4882
301641
160000
172808
321273
12018
276792
80815
380282
33245
81823
38788
193135
66384
52587
104099
112493
305706
226620
78524
285708
26265
363625
109222
19697
117301
368773
69193
222390
315342
252727
17533
311936
94289
374685
146784
156657
368944
380463
27993
363117
40752
156628
154572
152558
61631
300172
149163
315235
351680
130424
247177
374401
32017
264441
63918
143442
354538
229651
6113
301923
145974
287753
143804
140262
335314
68592
139487
204619
220259
211266
337500
371810
84582
377130
328899
227339
217263
58523
117231
321704
302583
27574
386863
361036
150598
234925
351044
40961
380476
214427
19546
209429
292476
119921
164228
364906
18971
127592
257407
92716
78188
285566
288690
3821
330237
19386
221381
32953
333437
151014
198259
322749
313478
32451
216271
367309
29272
28899
219258
174875
273665
217111
43072
169468
223527
31280
80912
128712
70861
125142
390130
281725
165115
181184
306308
143388
104285
285222
38193
161244
242319
18643
305772
42048
240845
280687
353546
282513
202503
296181
11264
173745
272639
275289
328451
369405
54197
253043
326320
100740
388923
343765
281062
255111
391249
350034
105904
70586
321311
178989
156308
179049
391831
39775
138812
377276
388611
21685
311668
88852
166848
341733
270871
34806
1686
366176
229051
153199
35530
358430
121183
333207
370759
269250
221272
122686
25065
351855
76767
319951
166838
252288
110839
269339
327468
36114
26692
209770
315500
276498
120756
171283
377216
308878
207151
189895
50532
135266
23402
192363
180867
163796
156889
140956
370803
39138
125308
69280
369303
251582
172089
11717
358056
236955
123482
175783
320893
209936
42900
210775
318175
273877
35583
253811
176834
351006
164103
351600
165877
180590
232833
159467
117118
167937
12404
32055
69218
68705
289146
291011
40592
258975
169581
7211
106414
346904
14334
211913
373725
278045
213037
378708
99821
390292
287065
179414
49249
41453
75747
287058
151155
124834
333543
47888
262607
367794
338184
351460
324380
250361
317427
238733
129237
225
289911
107357
71518
363272
203313
205191
124661
69721
162489
17708
6228
362089
294615
324093
249493
238701
353815
12423
295277
13817
74730
48699
315937
175305
50027
111456
59027
73159
364339
64538
56405
199875
370530
45130
190843
278775
36525
342596
344090
389786
349695
75912
104858
329454
88399
251435
70202
312664
284780
85681
324844
123362
236675
268205
256548
303900
30730
22874
388105
178859
219172
31765
257024
184537
260109
193900
388414
282607
77579
311601
59666
279850
63185
209573
15346
156764
276444
263888
282487
261926
361522
124421
242836
367047
310471
31075
75076
42983
322547
250970
285144
244805
110536
294658
56776
301432
95423
200538
101782
392539
41050
210064
131667
322558
88855
341611
367689
30466
202829
27092
11316
292802
297133
347581
196541
155581
98070
99811
52690
59599
187725
311123
80652
230582
150609
113911
339768
245986
274060
65504
3992
193575
120646
119905
28469
341
260021
260082
379024
173509
331126
297093
295288
54158
182665
252558
54945
339940
151203
355298
26228
75641
289173
213385
174185
210714
177235
99980
120122
190864
199716
193365
346446
10228
268711
175919
282598
29208
85981
291552
286587
293134
234779
88618
211973
296926
201601
157717
88946
45517
138931
37170
139218
277328
288881
185776
51232
238057
377296
165461
98458
372310
159705
387172
372155
32094
141105
19062
115011
228153
188630
172169
87345
60752
139222
362978
96031
70001
342057
390836
314530
93587
291549
58117
65156
70477
175175
176471
125747
140468
266966
276291
132124
352739
338457
191169
272774
234126
50644
239171
156596
353842
364597
217071
16301
58358
202521
212898
60018
361767
60576
304338
292646
97079
391386
324174
35657
43142
31860
283104
305755
224835
349440
181614
376114
174233
67732
311358
301197
357436
93688
379825
268922
27802
113506
175600
28574
176893
115211
281183
157710
223413
126957
204525
20308
290357
377159
128753
133450
297538
37487
201707
278619
373632
386329
162286
93169
104132
170080
199705
357119
274306
19139
354276
247651
27661
162857
94557
41275
174780
23387
126740
303292
101513
330752
342910
372973
122
201157
343769
289696
289104
222241
295869
67639
59051
235972
56940
75395
374295
225054
53648
23160
270723
248615
107328
232221
306687
78531
331549
12458
5150
217456
199395
118939
132488
130512
79854
81239
7193
136370
47562
330103
20382
257277
201908
59365
178976
80779
115618
74446
341243
368093
266518
321335
39416
62409
365200
150362
139746
56635
324043
247837
3687
49539
391224
124700
31021
67156
301462
14691
49368
289674
363100
149612
50873
336506
285119
179558
293628
262788
307121
91194
227039
162765
366839
307400
50594
389389
81734
207282
159872
248141
43795
82753
331550
170070
294461
256260
333647
214498
212419
374771
252522
56529
295676
123201
94378
373700
217327
61364
315223
269685
184292
91439
228722
160638
92983
346003
68438
302686
305658
285045
111250
218375
345884
287314
304870
123879
78805
251836
314838
60780
380949
61234
259406
314279
303195
299182
107988
320440
281627
56655
327815
149492
150155
114147
94206
388980
375206
213293
49354
114704
304977
307953
269158
284855
242179
28713
96363
66993
321404
348280
107222
164506
245840
370153
26541
143773
15850
136919
360057
69477
368460
200561
236624
229936
321015
345197
122270
84622
13657
54784
316203
365747
143037
211817
97140
384402
384152
218316
19380
315831
55387
139240
167869
354439
272103
66799
348658
273054
266706
153429
272600
6763
375213
239730
274124
26063
289493
153175
166827
192677
317395
123066
17369
247273
147042
383467
253520
187031
289323
149658
255773
130915
248068
256224
163453
278808
19093
196748
295648
70018
84506
305645
94304
387033
173101
313904
136112
203705
297396
53430
311747
170706
95414
99699
265762
154680
355933
7151
145743
180681
364216
142675
47619
53027
195308
105029
321120
219547
366446
314302
328884
307658
10005
101203
230565
355837
74693
106370
269881
251073
90044
39968
88182
261508
44271
132048
198774
236006
67938
345483
225182
285661
335681
273235
181109
175569
116537
18757
220851
93581
23662
32120
390332
167386
272772
94348
153470
55930
360049
77017
55172
308717
236529
301360
232696
317743
327436
311237
364461
357841
355176
260794
69722
336782
227065
229027
89504
210684
158794
356291
319383
248064
246235
191556
306614
65110
310439
36315
296796
264502
351433
279371
106212
150726
46009
35252
118450
335754
148919
94903
223349
132670
155697
29838
66631
86933
342414
121710
180197
54849
132366
128470
372240
374941
3092
130485
323875
271438
74434
150720
355946
238958
296556
197401
154135
391479
281052
245649
27255
133705
7449
278561
176242
125030
315118
51214
260482
376262
17827
163652
69735
223636
239358
121643
239078
110284
294953
209038
31580
191027
217412
293074
158722
3562
291031
347599
93605
389010
111775
306350
192996
105416
242511
298307
43982
188248
108025
45291
65934
36049
1436
59175
57238
164060
99725
259110
29930
88452
365292
240289
315021
316536
240147
247165
245884
55538
203277
122947
29701
6056
163159
246289
127206
9807
97029
356445
80551
306994
56900
100844
257675
21989
333074
330518
172768
290566
92057
136457
37146
210654
296185
276500
191159
371940
23798
115957
229963
263417
110881
126188
56118
241864
241037
225775
41761
330067
77267
113589
247555
205275
238793
338886
153064
203938
357156
326314
223189
325616
29243
8191
291550
252371
8016
357987
310498
222171
360383
203653
169350
240115
368964
148618
288997
48346
25046
315934
17572
380393
355430
142241
21843
188639
62045
67127
346519
18565
235154
270866
300110
363488
45967
103254
177006
284102
157585
25024
291596
375852
263918
95417
42039
162137
107392
179389
135856
218735
80471
358213
240194
21597
273997
166953
159837
247930
182007
120286
286553
367236
344704
272738
163396
189311
123894
15039
344369
156143
302739
180740
261154
212064
93915
263957
158055
306780
345250
39961
362025
292899
51465
224175
118743
70742
67584
22524
51081
111390
30555
15929
185024
278157
20888
46032
206642
14405
327578
222780
233360
311277
367039
340681
179194
182211
277763
189807
319396
361180
293595
320281
94019
92758
247046
111227
114418
5076
46961
317471
259441
249094
160946
361179
54396
383691
184770
179370
374413
112697
167685
71154
62723
330072
154040
55247
70603
345119
186927
281209
187071
86708
250237
196673
145208
71009
76365
185658
185815
153010
226012
164088
28741
60461
90609
376798
61619
148580
14590
298949
337097
99781
313048
365280
333973
15281
209488
129184
162789
264707
94403
286548
318153
292455
359381
117910
291593
85726
387374
275412
283167
360052
167689
88747
287728
250918
166521
19301
347885
104722
4360
312670
336871
370781
345387
354525
153898
215354
317407
384171
215586
309792
270463
301283
57838
44283
149138
113657
166771
127740
90128
145150
210697
33582
219320
78396
245547
231173
234957
387604
29695
338437
207844
141942
120329
338894
197351
88180
277340
72171
279335
241236
73791
7195
78272
385185
194045
227477
374177
295583
71435
203180
40317
109367
300264
170179
292621
316798
346028
243610
206530
166640
289163
197013
94997
77526
122663
235476
379285
261195
140615
206009
80933
282220
237138
123779
239570
383359
164049
269101
203103
388864
14110
80324
255046
201022
128419
366996
379596
153041
52904
176494
240232
367939
6871
264450
231176
94562
265251
146544
207962
381533
130874
224510
117279
343226
391727
89827
326002
189639
178218
265991
324449
261456
187627
101502
133942
342869
269358
118812
27730
244513
358940
113988
180578
52360
135408
359408
279840
146896
370801
354279
236119
153065
15258
209594
92128
49592
70076
118230
313729
373530
222110
282092
223207
101582
213825
124592
33068
247387
183570
141786
208427
89984
314613
240166
340509
131554
285975
179605
187786
235553
260181
171410
171773
385877
90566
365683
61066
50867
82085
53571
346021
238374
328642
354948
165494
327826
361978
242994
216686
217678
367103
229372
297648
32460
363120
116664
13729
153966
324663
152465
223938
229557
15299
47909
71878
270954
334307
385772
324012
48055
103167
224704
207459
160775
281182
158677
146711
256415
271274
178813
211950
164855
247080
256311
93636
18240
356300
237069
328617
106135
282353
269439
58742
222578
233412
163960
292138
137940
292141
357811
255990
108738
49923
157960
152954
60033
127576
261441
61045
13175
81875
319107
368252
212001
238018
7147
83876
341317
724
389945
158782
159957
356847
145552
162308
46701
345691
108466
6175
271101
220530
179574
162203
161774
3960
355632
358697
270809
388146
113854
383159
220938
151539
333843
28887
353863
306525
121806
263233
233223
319667
333108
254390
140163
308458
216918
190861
286763
324943
119980
130295
247633
384807
240290
312240
81562
170408
156492
378382
10583
322919
160697
124972
315143
198699
256413
353129
294489
341785
32524
54640
273750
68897
284041
207733
85783
380354
376632
206550
14838
286948
308829
317193
375956
117844
242565
289965
251590
24843
138947
138083
150216
254398
94409
55642
206884
358728
77075
366487
254599
314200
230876
57539
95803
320503
194684
74847
27068
155848
163635
319508
130018
366213
11885
36190
75087
265273
235700
247687
52610
117389
328497
297334
108118
107853
380839
217974
157354
302819
98850
249457
300388
314300
29111
330002
274848
386084
286999
271673
352681
382490
107451
179078
258071
199251
160339
17780
272517
240217
289511
261395
243354
17726
325761
240319
145675
354734
4687
27342
22033
320807
27824
112389
39991
356473
211125
189040
365156
265979
329659
298566
319706
376640
92438
391994
107973
65886
51998
195520
303564
334644
173007
93595
43601
284768
362173
381215
7975
159647
185492
59793
165334
378404
188932
53661
134860
217746
59798
475
202175
57997
186919
100040
147879
290716
323383
363198
265292
333741
166315
284449
211165
347110
311871
106910
108201
270928
7803
171969
113485
169154
196043
158314
9713
319854
209581
320601
306686
178744
213356
296805
281687
171252
175450
285878
387130
102629
250770
155464
94065
49583
193923
295792
4194
329502
126354
228289
60969
302837
361160
280098
249414
79096
306551
51973
231707
247492
196121
67186
380125
156331
371793
209151
278912
351931
31143
249622
13197
380528
114498
286897
15764
174766
387421
69717
243842
83825
74282
316471
358412
170782
56690
238507
22268
66209
247796
176973
220467
257692
325130
271671
325946
316667
301097
67855
124836
183917
58612
390896
261787
253122
234414
24552
140068
244962
74575
118203
73479
387217
212095
35593
105079
54959
119474
385739
392596
284575
32047
193772
117936
28014
382093
119791
138066
91119
123572
846
181905
295423
368359
345474
14198
287532
165926
178672
349856
385001
104823
43642
222883
335802
331202
157962
372666
178454
108588
44093
148954
72222
66919
267379
391337
258230
316988
112670
336494
43760
282068
234948
39148
108447
29538
217306
224525
97330
188816
254675
243340
213630
36141
14369
73110
239836
96819
264153
318519
150749
385516
177702
2570
92567
326193
344722
389327
8057
18087
313758
61954
109150
306711
167293
378378
159528
92630
81303
303714
229017
177865
81821
234079
116578
122099
306826
143488
185667
172528
124884
172402
360942
305543
354954
214841
368552
185315
242032
1031
231415
383269
174566
321947
3235
288222
219608
333506
250922
338628
328865
283365
180118
178401
76440
346694
293118
327952
234681
292686
13139
106984
262686
320327
148082
277342
129213
205061
58762
217397
188383
12292
217361
357875
113586
233060
167576
372675
96042
3228
129268
353127
88097
5506
202712
77341
340806
269837
387162
33227
334175
328013
24075
74234
56619
332035
305512
220490
358950
295514
38776
63532
69760
369686
115101
295270
332746
227550
14245
14010
143441
225193
158692
148877
363957
390273
266795
307791
4488
138882
278676
27630
135236
215072
198597
385561
242924
147361
77320
255897
266244
82949
80642
71742
106430
274091
249346
198766
165832
268669
266595
132422
323300
117315
379156
100921
132100
54985
305632
257969
250366
100565
201657
277544
258372
309726
14935
129266
27125
57894
104360
371003
345299
198915
143174
105775
346119
339317
376783
372975
40907
55275
2282
237285
325807
312497
311820
253671
74718
104241
249908
102744
166172
62441
41026
87143
298198
296012
92624
114836
92068
316138
391566
270819
19167
39882
276117
345482
298738
51759
208617
264080
46920
252814
28396
128465
369703
106769
140399
242424
113759
7628
114662
208048
184880
91069
327568
259609
134942
338573
207352
322072
362650
273174
305004
58864
251656
177794
249108
235881
151189
296906
177199
222149
164580
289378
347941
251263
157106
366754
371926
11926
172232
242813
8207
299409
83703
20946
213085
157959
302502
111857
152823
182709
317964
19213
359178
72526
230927
131924
229850
265400
41362
1238
99393
152572
45508
145885
235496
176414
232479
192692
218302
360861
293763
201741
166275
234698
142691
67468
290786
102607
198276
115232
37854
139139
185334
125055
358562
276139
171359
224376
131978
307951
231858
342729
213802
284148
333426
49841
354467
133549
249050
28915
204582
160187
308979
191140
312741
121401
100538
295354
349641
52277
246954
241556
132914
41740
130180
269335
365900
247503
170402
219002
16600
297071
360022
303830
178313
229112
386125
350371
170009
188237
377040
16929
177370
214231
194111
125288
175194
37252
201687
150289
391618
355866
10561
361681
390322
192971
141629
45409
298119
350144
56143
245239
336821
108939
238036
186534
326766
283685
169347
1560
23801
308831
215115
144473
41407
352726
114012
183173
89913
268155
345221
280711
23113
109939
389725
238871
48552
242159
170959
168282
373397
126110
303701
82600
356416
11693
362474
322041
4074
150780
278990
156322
6691
18684
274062
266775
243432
237354
250170
277269
348397
335114
349707
270274
370288
82896
344346
103718
12980
198144
184583
182660
139871
178460
127987
148237
209557
173596
200123
358827
171575
33669
366499
240791
159979
199163
97373
329925
33847
146541
48558
320756
280859
274771
363489
10061
122467
264921
222420
145699
129589
307195
82390
352822
205907
332939
285270
47136
86194
386303
299707
228032
340844
373092
238066
65154
71146
114239
29942
172416
105023
28658
356027
11084
56694
311996
181564
341942
44199
47511
229970
226053
237767
126532
76168
52303
306345
314751
65388
385278
179034
106498
339142
338723
230012
31800
182528
296450
245214
119305
306886
3625
30132
184349
286193
86086
189954
316396
206240
340087
274704
20819
2387
306569
52885
237334
55515
325723
258684
3614
202722
30681
40285
333904
25593
347477
97354
370872
372512
326661
304617
102334
224979
324804
20425
204856
44051
295248
45848
26455
76135
158363
67098
280160
301690
148029
158327
212657
200576
24638
208062
146191
73733
334908
310890
348721
372066
350317
335641
132470
326694
234638
316890
214438
141498
113987
187029
223232
220746
318367
11491
76500
97518
152689
67328
15240
275168
321288
308240
132337
379451
100496
240627
244215
199080
113290
233020
344576
92251
339200
86970
110230
378497
334621
188934
13997
238325
381894
242063
166918
39222
341838
44929
113393
183109
258414
130815
22720
179634
14667
382927
158858
227041
41082
80853
234363
355089
119389
379769
127852
109518
280030
146099
262315
8377
124901
224539
48465
129198
143885
33651
171087
191784
383511
46480
316164
160430
347920
371701
374708
197200
45129
356458
113986
275644
137959
7011
186475
85235
162689
278007
354777
300775
350754
113627
150985
157885
390910
361348
265838
30486
291704
314239
196247
121882
385701
100352
117517
188242
363274
209368
143693
181477
351474
10172
25305
65413
128681
202199
350293
168596
383961
221584
98221
61010
390663
320512
309767
179439
91926
178377
374052
345955
95447
135104
304061
309300
140413
340474
6367
223079
37707
160727
3636
190370
81253
57801
64747
389102
224940
253433
106196
148653
84341
106644
38229
183008
155409
33967
288792
131705
284033
281558
339054
371981
378214
390936
36096
104503
184354
207829
259948
87247
91562
49033
161726
221177
77094
235332
302378
18264
40808
319382
275431
253558
56861
159910
73766
32415
141808
210610
64523
181261
176516
263384
320487
268611
315177
260699
284143
207391
356159
192699
14166
107961
181991
197638
104412
392593
328771
159103
232365
157870
123712
304238
49380
39588
153709
98023
217482
331486
176156
268931
143032
184739
359080
367908
277141
196026
207997
99977
44822
79911
116287
78764
84859
82854
135519
369048
347684
283075
139675
352192
121496
48068
13185
118226
193020
274599
388568
310745
383812
233958
51290
138069
146885
356226
206080
365777
164897
151224
12256
255891
4762
157940
90433
312796
74803
391895
209692
102267
36091
62966
256040
231738
154407
121013
71295
127217
247114
174825
323460
42318
53714
183052
351908
211707
296369
207939
384348
178298
94026
136742
290448
51753
147154
176413
224007
303864
344622
172900
156352
136041
365612
186685
157812
316472
39061
218069
7825
157612
47184
40940
292360
20339
299353
250812
387983
236071
265548
383634
331615
186268
37529
267783
6631
334878
253530
148073
237593
235775
333827
118409
154036
363044
370353
26838
232324
233176
55990
82448
121988
207816
253648
329779
278152
122619
139725
279153
247744
120612
124389
227930
234335
151948
290449
293868
65816
373989
65642
361241
185382
119472
11086
149875
165186
52813
187187
357414
43023
222812
79820
335927
238113
169557
9470
231814
263574
363623
77197
208796
30865
124419
469
332680
212521
11242
101446
167677
150339
196052
286578
94632
381692
382035
295124
222339
44909
390089
134186
342209
31811
377891
72178
281006
220626
158130
348396
260676
246808
391156
373579
265260
214327
62775
348245
9884
377109
363478
373843
65912
125470
101947
151221
171431
315514
345745
222122
113508
156758
37568
387855
294932
335003
134525
389772
355868
183940
212724
118517
342944
254900
275703
302171
216225
76279
322706
318772
229242
350870
34587
60753
83481
141523
275065
251743
252353
139813
350773
286677
211137
128309
131947
52144
90231
72608
32196
244946
14403
386411
1598
282741
142457
331419
279660
291357
259560
290248
17519
295343
127011
370011
316072
16743
234389
241531
262995
257845
350846
193884
88558
15750
175284
370401
364513
302128
291017
282499
355619
173225
218703
140564
123962
168152
196750
214049
255796
174703
102114
101037
250685
211887
156261
245526
333948
177966
22366
317421
64891
141119
23170
273584
195441
234583
319836
127746
102676
180377
389400
217993
72075
72845
347963
255047
353989
349168
37800
360812
356754
76966
257947
295846
86562
148318
67331
263884
34989
265824
4605
204391
234120
245907
136169
165348
170282
203763
388349
157240
317443
160299
213075
271292
59874
347836
154365
274265
7244
173762
50840
55579
6158
351490
38374
164587
362047
132516
156186
286987
381763
264591
10974
193739
338999
362413
315728
48194
314845
112496
366224
292250
272136
48600
254171
288098
156908
213830
24772
162769
186126
227590
377932
327417
26306
243903
101275
202131
303775
163890
256820
269196
176672
174473
226302
230272
199288
341336
262643
193189
140540
154322
155510
148960
227542
106617
357731
306931
178186
24803
75537
93899
374967
152154
99583
270309
349377
135893
260231
41179
211871
280369
102616
256798
79433
249822
316400
46340
157119
124352
262867
18153
307026
136642
132876
81350
52461
141533
53541
174810
41442
66516
378916
364027
325942
251454
143985
186234
98831
329710
335917
376875
286014
32767
85581
277069
346568
267987
6947
195424
139524
308408
292747
96378
341716
34842
57859
12540
92580
231401
29690
163954
265968
266660
207498
268581
296108
216687
301156
6943
213213
118138
272874
175400
174853
303215
137739
355899
115843
191050
139068
177262
262958
124615
317516
58963
173052
32643
279590
210017
345702
26939
19050
349280
306151
390587
180838
94500
287023
81105
57331
47139
116739
228200
326241
57018
333091
1673
171768
67614
303011
356383
193933
283929
221896
308741
80753
325444
382243
137101
184707
126839
220292
40674
46352
273915
144654
53659
295413
76171
355746
105909
198998
18374
167668
46587
110135
332990
300587
338010
119189
271551
44990
285201
142792
246422
178919
50370
220913
91359
73471
231559
260834
234362
176227
83005
153231
200491
79582
199684
349140
5044
3704
66023
205805
43988
276527
278020
261630
126387
233872
247286
124788
243184
65421
60887
120677
88838
31975
178444
130134
125099
288591
37266
382192
92852
258484
244166
366679
376183
292371
222321
215313
385025
232755
316393
379136
241554
120887
83968
357503
51044
118460
243528
226591
366397
136458
305310
194654
182693
8991
280654
311110
325556
74690
74290
37769
134574
11402
285478
168561
347879
13427
123327
378893
360837
195267
113773
44086
343258
251340
314060
159924
177291
231952
353121
167178
172938
184992
177597
382472
376430
25504
183182
191383
348924
266166
142421
25506
369617
383257
45530
309762
111684
124797
123777
220681
376580
95785
62636
305589
238248
278476
275713
183544
342871
279734
9253
276955
254005
320293
11789
341016
234143
132030
77553
167391
174052
284451
41381
37738
152821
172730
3431
77285
239605
359715
294125
298406
104328
147325
213629
249273
26411
71801
62935
175279
26619
149846
29482
199955
8125
161553
204201
363968
140177
223530
250009
231654
325480
206040
312329
373963
328168
31261
253212
310238
62360
95582
240855
264498
315754
129542
383189
337083
106125
304641
187318
180467
263289
33457
16495
387200
153464
361060
249461
97800
157564
30469
195575
22106
25322
73300
80519
164727
85414
316282
342628
248981
321562
240571
63588
204155
376055
202913
87233
61645
2389
271697
117526
176080
375871
43008
285858
7765
75167
147895
1146
308948
14785
118080
329222
386555
122085
170388
100095
53939
270955
299419
41383
348737
248854
228016
23323
53508
13125
146155
98439
317385
192033
164809
117728
18203
386455
104448
116448
89901
176863
390824
96165
328082
311190
47418
126140
337461
264256
141159
284510
71938
246108
199309
323415
372358
75032
186696
249366
343919
363632
81544
92046
338460
231147
152231
33304
354743
93493
110768
120934
83198
41256
55464
102236
327837
56557
105677
45986
215337
185810
100917
345787
368020
296993
253508
381024
168309
378901
206612
49161
310956
8718
58234
349463
349191
69685
11189
282992
154711
286135
290156
302106
160364
46688
234056
123668
367366
90845
151481
268822
175909
214501
38
293779
383054
334393
350120
11796
32002
199189
256172
211644
164416
123790
219323
210575
287659
113488
165222
236902
102226
312755
33631
293658
185696
128217
115069
360780
146366
30478
167629
142900
382901
27369
287511
333226
343875
31417
304201
38186
59814
340798
337590
294496
45673
121348
83449
152069
306788
222056
146025
214795
234310
339143
57681
387214
349652
250843
70901
315830
326601
133252
176053
249639
133794
63678
108472
30740
346259
289356
269039
174769
132033
106991
26467
1779
69986
134656
387208
43367
38289
188239
103011
282422
326176
5921
8105
348664
222161
256258
252358
336194
143675
319584
368313
217405
380486
281268
379922
385360
281199
52280
25174
67911
164468
128273
318726
294747
70374
182891
114702
178513
272604
160985
277894
275143
138322
250452
247436
171918
249331
12567
240006
62038
217423
284644
258002
227618
386796
327152
57163
359359
317666
221762
372921
365719
63194
147371
112403
61294
130498
34422
233791
37117
99874
113027
20727
224919
139734
328213
222997
226080
215541
63606
50188
240831
69380
166476
28796
17398
293927
269445
312165
27118
184031
344815
290069
248452
249078
150521
194043
302754
203406
252941
167289
4700
55606
323315
84114
385937
44033
27367
112973
56060
50566
268109
302167
150480
74902
11866
272506
7297
305576
136782
227611
207570
99059
195383
283464
96222
64236
368220
59120
196558
125612
298567
634
102847
351372
299531
332783
114395
203571
276036
107836
167653
170104
101399
140084
352333
330816
304408
300232
376322
357715
174775
376313
201280
58292
229282
193494
99487
389967
74067
153225
52337
326030
141732
268943
214632
96279
295771
166924
106373
20061
186496
305022
62361
198529
7212
362455
103537
84543
143619
318662
192851
319634
227398
311494
210437
240516
147058
157197
284789
391960
318444
240106
188632
28489
257818
21248
302747
149
58989
132515
151732
275060
200587
310341
119727
43238
219049
364616
240076
188478
305048
79587
355516
284329
306961
129647
99140
389233
49468
273302
346733
97154
250796
149911
117010
49988
286182
4313
227699
159441
372956
284655
309551
269690
151434
301883
296735
126427
279041
16630
390574
224347
335145
215159
322488
251464
244015
7216
358870
20956
140034
191988
257572
84834
290213
382082
507
229992
237454
57875
22554
330736
349711
1709
157840
214583
44707
28284
355993
305291
89223
113916
238953
2565
367269
107894
215678
47365
264245
349067
16353
309609
301823
184016
176299
46951
272408
35742
145283
274368
78825
52471
257671
341010
192334
230028
73960
348554
224767
59749
55051
218595
158123
351155
211667
240624
61427
215762
236274
202388
58406
386518
40087
221242
260112
153732
203631
285394
375042
348905
24873
291926
296675
281391
12902
202731
171747
245255
132202
278353
97262
297854
189374
127366
276765
312159
60335
185493
341776
128214
342696
230613
112821
213632
254805
270541
7474
49344
356000
103694
31245
152391
243043
72717
290538
358955
266109
188088
369092
373713
143615
200474
79823
361701
260540
315626
260290
283701
288125
137888
262613
37833
13115
5557
33819
334504
221774
265742
380654
11790
185589
284595
22353
71252
252405
40960
308769
19254
21985
114581
233830
5616
165529
176351
79282
44908
195212
257602
83319
294501
211858
30301
337908
31731
197158
102240
154555
237181
22276
372404
93840
221267
130748
336633
381469
95213
230697
82191
337570
73871
247533
94111
276832
174126
134532
315577
343652
201967
28224
93116
131629
155563
47614
257280
256484
69040
269265
116877
150815
77288
84789
52872
381835
185104
274706
236084
59635
225599
283024
194003
279265
117204
259808
384123
169294
246633
191800
376581
188972
17639
168158
256973
235355
209008
8208
98283
277276
161515
326260
40161
23689
178928
166512
120755
206494
198594
110455
46208
204234
198560
361452
138171
159606
56091
308679
330875
248555
49154
287283
108564
180379
178623
192654
271558
178004
111468
3456
354211
282735
173755
165993
153073
333339
66894
74922
303468
109903
20988
377012
37500
16963
318169
272611
11243
85689
84986
223077
128892
245926
206727
385150
370081
354581
379031
342227
94023
181815
103133
267492
334308
272335
274137
143811
103739
344756
127171
5651
190294
296008
246404
185730
308182
129334
58674
226709
9932
129661
9975
142849
54542
218376
86615
109974
272004
313183
168341
267119
284414
380580
58606
371031
29069
354907
308067
260782
253580
205389
252684
274940
311546
29817
369438
309231
345114
51206
90043
288449
122788
108662
362300
30131
108762
219643
330348
54311
176473
334422
295634
146912
74074
234297
195841
33487
217352
345325
18698
261299
204569
15566
315135
251792
138023
345534
384210
337174
232564
187087
26027
173247
110059
306018
309274
56884
154927
295827
119130
265680
333597
277583
313237
313033
83585
174626
340724
96142
156544
291279
91843
117650
344588
65956
342282
344480
15922
337522
102224
136278
165398
215223
238918
143452
365920
314275
303640
43211
135085
266682
253829
331434
167487
310396
12741
108556
305170
179897
345628
214089
126624
235929
132785
281280
241446
388086
276508
240228
283021
97294
91139
104694
169972
199647
90531
40943
37773
13539
61273
145052
84161
30787
126972
106148
142485
266857
348355
110015
354067
101901
145947
350118
250052
364301
313261
31604
61124
237853
91564
335549
183677
344457
211747
270469
80529
387726
241982
213177
41213
144409
169277
311275
107692
124292
162068
310046
182698
179889
236585
184666
342907
242769
124763
217953
91451
345440
266709
216766
36965
356528
343229
364024
311988
29889
388856
106720
371919
211782
276852
381973
219771
282388
154978
18940
37576
327566
126953
208882
12114
337281
258955
133946
74999
4720
123844
291249
68596
15162
307954
176550
322518
230210
372082
63464
111302
334996
113113
114060
309557
336542
391526
110424
148452
225451
202690
242799
190465
48509
261407
34201
374662
362330
231509
174935
43930
337377
377094
380096
85213
59147
297239
321542
4037
29309
94240
7546
218475
231691
170304
392401
147935
224242
239465
326780
163898
316653
288874
114278
139359
24802
242193
156663
6906
20448
289175
15478
19128
19370
295651
151851
16909
200940
70398
26163
76312
337666
226
253486
286607
83678
242941
309679
64511
12027
213622
2306
186174
285796
294497
339451
340714
249591
16552
177776
324947
143394
228050
66964
334189
184823
118090
10109
160470
247771
173210
320869
312579
48920
127731
195139
375288
143021
246389
332560
341402
374065
214274
175906
216808
195423
83987
288649
328854
109875
128391
15158
8428
22371
299086
172839
255925
230840
314899
49611
358618
215771
133652
139190
244986
331769
332136
271352
178628
1697
272804
198997
29748
32954
219376
795
35515
377289
367762
339324
271445
195928
156009
250668
31082
92117
272320
82732
359512
69101
28167
119705
217343
350085
217990
93396
43002
196768
311161
326974
101261
174815
61017
236809
173315
336898
191587
7577
336979
47813
356819
368329
297934
128105
233392
64819
156920
340875
221826
72388
29900
154712
58000
102376
96848
125044
122199
78738
133233
219617
378327
49901
42000
145994
5699
333487
199571
392418
379063
371342
22372
344530
130234
22109
20518
207950
13784
48235
324689
126015
156327
312749
65624
209393
127736
172042
236027
14100
5909
54786
321865
158178
205453
167059
65017
385196
235487
176631
187462
252299
66063
295821
61120
5846
234547
303205
358735
3796
361148
158281
186728
203585
240524
28211
263072
236448
37562
366400
246296
191311
128488
221990
38356
290776
350012
138959
211716
79072
239248
63599
37949
310092
378113
118359
351631
235719
231957
155256
76577
85271
85870
110510
332608
28998
260362
160466
381514
110212
71450
169772
382825
364688
292982
95517
108868
169369
370523
54519
320192
381506
305562
57950
169543
48775
64981
282560
169608
54461
78816
349597
203407
75542
333909
307974
123691
235475
37510
67139
60016
47245
260952
9150
35806
50774
76790
308526
291074
184293
290331
8660
370873
315564
296134
223823
282599
122985
386182
238715
95105
253244
332734
205166
151836
381453
320037
320042
377219
377069
324799
199637
175292
381780
55327
238261
380273
43631
68564
211167
188920
320108
320926
142666
312068
11750
304575
148863
32333
308839
183681
114758
246272
52895
38672
9599
192682
42219
163077
370666
43828
1788
256391
74492
129636
108674
43415
196102
213242
169214
335748
294207
4334
204505
319520
199727
13876
181278
224205
136286
322508
150079
252993
111833
37837
221228
22963
303814
250499
387207
5561
1806
122885
221789
34846
26872
143003
222663
120997
32406
392416
223637
279071
320735
370540
186683
391640
128900
215205
381408
125613
76759
340585
304508
23384
377255
80978
340295
317603
5422
91326
255325
293602
244141
158982
1503
230593
174140
223879
66420
332354
19665
309174
42629
293068
179326
155057
29535
352004
362602
248081
364366
159828
149545
78306
109794
271257
169522
352835
50366
269625
219247
142723
274374
39682
298134
373891
52108
340000
282910
186571
330606
275207
95134
334515
149058
280848
67305
104189
48611
281712
387467
292780
11938
260496
126409
222911
1666
155217
249906
201160
205749
124794
379375
161445
304850
6029
358905
37437
360424
268190
348106
258473
43294
41696
221270
35912
390816
184384
89387
225492
377875
282089
74894
239963
228617
230083
38592
100881
192119
371294
257434
237086
100796
340975
139360
26419
161653
384220
318268
239067
191962
74085
48747
31314
302148
192247
256111
346702
353604
357702
56553
269280
380387
100076
252738
114357
139347
297637
292300
366650
357977
158199
322591
119093
287259
113672
191095
339618
338824
239558
55068
273411
33826
94810
235082
33674
314887
285166
128730
22898
260304
92521
318800
76435
350295
14534
222676
135207
165447
231578
77129
241185
85538
2514
189327
156093
254896
387042
148245
265221
348461
11502
186059
26635
97370
148516
228869
67426
60410
312646
358457
195362
35416
331999
151029
387401
359938
281894
155976
222472
129077
365133
294559
171240
385788
338497
63057
259492
264746
285743
271640
165274
296017
375215
272538
267577
138967
7255
150900
93361
233460
308556
179901
93303
91464
4813
254605
280946
57704
169056
194780
182821
385916
67735
350929
197649
364822
133667
236935
269426
272791
294748
167240
322924
64626
330288
55927
155495
254012
114990
381076
214876
154264
240660
277725
364973
345654
128646
68670
79384
241097
317537
348633
197549
201167
130524
230245
214010
338906
77409
354245
55084
152773
166219
389385
24621
217129
287237
343454
274
195547
226352
197870
324088
150296
120839
19215
26446
193106
174087
204752
72038
128823
295220
309296
55410
392097
390665
230454
168712
159737
106074
363669
26425
64625
389231
263691
43358
230937
315188
187774
273175
152176
390468
314529
389348
172039
20376
216092
90979
109655
230528
233855
378556
195307
95386
248218
95285
122625
98757
93612
218765
245917
342443
235944
325591
136827
161514
381007
13130
161898
316886
218863
246241
96164
180743
202832
187383
181406
345105
334461
208274
330497
18805
302149
82582
374826
341693
350
278979
337651
125303
40084
174048
49128
214243
37369
7853
387160
307274
373841
8330
39782
127248
130876
287388
42955
212717
11286
264683
59711
156226
339016
71879
107849
228181
312351
52010
314141
233750
119773
80072
278770
142194
221040
280837
221312
122473
140682
378813
97506
73477
34904
82803
174314
242515
280039
150668
15098
149152
369990
338255
221726
238740
133412
19620
128054
266947
229639
376784
371589
12246
66855
168319
372069
118837
11876
225034
114642
174855
139597
52145
390870
45033
379990
132345
296898
55975
264606
87104
221064
193424
195991
104930
261821
148393
341778
42185
310854
193021
81399
8876
100894
84673
106380
234880
222388
112476
129229
125650
237722
343135
104810
47160
290459
1338
110951
312489
186120
204471
79479
90742
385276
227150
355647
59796
12890
35777
242587
335251
242168
206667
1399
234691
155099
333602
273361
194465
317909
385657
384475
62959
119940
161945
376551
102117
291138
124002
60667
100673
10169
294039
218226
204027
275775
351336
256785
64656
219380
272138
231138
30218
212676
245911
293498
169521
350813
246968
128215
120353
299339
336354
238546
364866
226282
241131
231903
208350
196238
276585
100906
244817
92868
386980
148197
94408
349727
371365
52369
41247
198120
89342
228643
161356
391567
217930
88471
219088
330010
342579
305993
321085
372076
320241
80948
54023
272106
154432
303391
343538
248047
186355
22217
75604
180893
388520
56617
285640
121328
211756
42934
341183
227690
389861
59780
39223
185135
84948
376401
124136
148992
275865
41151
268704
60930
157481
160587
103650
120285
5140
121918
231307
227713
259724
334008
125378
334579
284678
337423
347259
83539
246140
182596
236819
275164
377300
34751
258648
21602
159073
317564
252934
163941
19709
306694
366483
17734
101707
151428
220550
28983
129761
251180
260171
32826
265172
72211
261256
28614
380811
77813
225524
200275
286471
262799
219728
199718
336576
177574
333571
54079
148346
37480
115311
120248
47703
251652
342632
144386
62013
265132
131590
110944
79369
317212
136674
102859
241670
186738
19929
159615
109833
46174
148422
51849
343650
126990
197474
29790
157724
320169
285120
28547
200895
50161
28704
15072
48809
182319
106728
103998
382640
259916
338846
107151
270848
363464
373560
185013
379999
218229
83223
219056
104724
203283
369778
43200
168335
141190
308194
81867
241898
90460
380565
293341
390664
103014
333768
346816
190513
171433
95195
122506
136616
358116
59252
369123
253717
121059
107044
137195
185238
128112
113858
319207
109981
191836
190867
201064
82774
159931
277498
359584
128760
43442
373872
213197
334770
124930
348989
229869
225012
283980
2125
98861
313297
167270
254982
294549
12131
192813
10772
167575
383832
332121
180580
117594
29217
292354
23468
378627
230486
98495
158263
338773
353107
356065
316853
314102
282348
251203
290785
158531
338090
244824
380444
390228
3468
173077
246481
391039
27361
308020
11117
170833
322192
383669
284207
252294
380899
263036
280771
164799
265594
330275
154179
64143
192107
348451
163170
109156
232009
385253
213322
91277
355735
141745
316272
353162
8929
314616
100858
310783
150814
283041
27821
190954
94497
386607
142195
266833
326433
180836
381672
69791
49112
183313
252166
75055
108420
244276
84423
6020
209475
164136
22038
59610
82213
259060
255090
107650
283807
62587
259770
64533
39942
383645
116354
218396
42296
178528
377729
96355
316547
117697
327046
50648
369213
178838
234111
361699
349535
208767
183491
21160
161848
25994
1247
5057
53388
25617
106398
51709
330043
174865
135696
349541
325838
80800
316616
53699
308916
346743
149068
243447
344206
153365
335908
133793
253658
66506
386691
255967
267214
79356
10123
356713
373264
211531
44660
231145
244726
106296
89109
120146
79662
208202
202635
371912
77728
332291
262466
69223
119551
110606
17467
230712
312362
211353
290922
65353
27512
186926
220625
40682
85028
291797
146091
328208
302664
75707
219036
191251
386693
165872
266038
120725
218592
125175
387907
264480
284810
102711
261178
362394
132629
222995
292028
311682
63338
209917
122780
358972
224504
273417
348508
125957
11158
57130
337994
77167
2121
46851
355160
205635
208170
65715
380814
147905
118063
53348
153165
238903
388906
203993
295721
288583
5210
376692
356703
1210
5094
358394
33553
9229
180341
268322
323139
4303
221146
89191
254914
351785
261878
68210
285495
256469
173622
358608
201557
103456
140577
7570
215579
325609
125219
246773
173871
150539
108914
291032
138760
95549
215272
200789
160323
108339
81690
198925
341748
143352
96596
170811
194177
130130
336188
85485
373613
366143
119306
18131
236113
113431
96897
241439
243784
335904
390183
124068
25637
387013
328390
23713
271872
170079
41950
264684
354286
47056
199429
323038
156768
52278
382139
67569
97301
348887
315700
206251
183155
302994
75296
153811
157930
35169
316880
359275
303516
270254
112918
201155
232107
343646
345227
358952
64970
165552
139069
202411
143736
180047
329139
210443
223381
42689
273946
361257
62
40513
312743
191265
15082
126230
358107
359801
60379
271606
188511
182475
201441
100399
266280
199584
281631
79326
167046
346249
349786
90718
42235
234212
225198
213330
6769
4312
226042
371567
180310
307923
16567
370942
36709
313913
279370
269733
213559
101063
125599
364266
338704
125181
388796
212635
129061
76015
171689
373386
74194
101774
16306
70278
192448
146804
335392
88012
5774
113955
10091
385409
287619
62338
38147
182993
118373
175673
157371
313333
180657
54435
199361
300320
347281
289714
296472
97181
392371
165925
381904
354359
276533
252183
130312
342725
5790
86042
247849
210343
64554
19696
284807
108493
181943
275606
3672
350801
51665
262160
320191
198625
129754
327717
200164
280599
386883
2993
90352
353591
24607
179088
371639
357133
195498
217426
266356
298701
345528
129490
157041
330331
10329
131675
382128
37603
189786
64530
87518
21417
157360
310686
109746
89206
368041
39318
377464
81641
308683
304761
29709
379635
97840
208482
240429
328620
370787
47851
97351
315667
3182
175567
339986
18430
224914
260384
231484
347752
117520
163971
365380
226463
183703
12138
307173
213339
364940
332464
281219
39929
370863
222860
152925
250491
371774
342750
65117
5873
233228
196646
390594
25857
192614
137469
248932
318956
104540
44412
240179
183615
193316
313841
184558
168228
3279
57869
153043
292697
348074
231622
389929
248630
389665
63836
372719
90447
52738
16661
234080
153840
156495
61801
47928
198388
376747
33028
379979
370857
225665
266538
43707
357745
58694
287745
35804
390575
161291
300449
370299
291201
50023
391547
147433
142786
6816
327505
254382
255874
138501
211446
10119
116806
198770
129701
228246
131398
319281
91150
299830
343425
2170
164999
297480
129782
55481
1084
277585
81072
281924
182060
149427
176341
253879
75044
122435
272909
237548
322522
157829
196786
3339
391400
178493
296952
201203
321362
291105
321259
35378
32712
81209
93094
360972
81600
78850
73695
320163
90342
267729
109937
303209
189485
345300
373653
346288
192695
253383
37192
358508
195130
81116
373630
6074
304880
162934
159940
151351
67909
381508
32139
74305
115987
74962
60685
26930
136886
134643
252470
214908
292331
75513
375966
304800
42472
149315
316211
301974
70790
250384
286404
222596
282745
188220
108193
156357
192153
78538
99668
39161
352603
126368
287135
81248
77393
386235
339233
36125
246781
304014
250634
378513
142859
151121
384585
183692
344127
207109
92041
126853
31929
369189
124245
152976
92243
333807
27894
192311
242570
171567
58231
243611
368644
98869
285029
6431
87763
223395
316613
12366
149630
5701
100959
231431
192579
731
144675
220946
168618
11613
391078
150998
219011
256966
13369
197385
757
268802
21686
357559
251570
337821
9852
261296
217491
127202
78255
361150
76329
277422
78128
259458
35736
159708
101624
90725
21074
307555
28445
22969
370640
369546
83739
50415
264990
332054
259707
98113
296815
194919
38809
81259
8075
57448
164885
263170
111538
53342
41178
39546
114938
112932
146108
165388
213021
3693
7095
176855
309078
219139
290411
250341
184999
144108
65971
281720
55879
206520
276998
46714
122872
122027
320734
105957
261160
336441
371004
262251
384803
12262
223153
266257
41068
31572
294098
267802
103832
302725
79137
13178
320426
156411
176122
100459
187334
205738
97457
