117829
73137
375296
376571
359195
198322
161800
187726
88662
44751
327667
347395
282793
116049
256268
388210
206249
243847
53056
38884
122644
164166
350643
79490
33334
337577
102618
358009
42263
78262
131911
125668
367899
348201
236602
248540
306226
167833
324806
319305
129788
377602
136620
272778
4308
235799
7561
121554
193441
212542
20769
313620
73792
366146
27494
261666
353458
64955
132163
127247
34669
295149
241788
263863
282658
118524
269409
167076
248402
323642
181866
35610
117191
234514
350082
269590
156830
165234
3418
376063
214998
10756
53377
176540
359990
385007
138528
21601
334955
107799
149524
350380
149291
8519
180038
323799
348822
285017
132428
199869
23408
105490
50974
254931
11416
92549
305894
367644
333358
289891
235870
356273
128771
244273
224629
213777
90923
26920
374611
242398
334919
252815
176684
277866
135437
284702
61309
288473
368781
252640
111087
258201
3666
355642
245377
319635
336249
7445
128907
132387
310895
55433
239439
301839
358716
247073
243924
244305
23974
37401
298035
119430
292432
5708
72203
344703
93352
44342
259494
165890
172952
365713
251541
49614
92314
55610
342597
74903
305405
358063
162238
155188
361312
226708
94535
385416
179907
196944
227199
331678
275649
368811
200076
43394
266620
368979
169479
138879
227185
257571
84720
125257
124811
280302
221085
160694
155434
297229
382065
381888
361515
229607
300804
80557
309002
342085
30437
227940
202185
7400
102230
115724
341021
297366
373648
4758
164105
367690
1747
149269
273119
140447
4228
325603
311353
81749
41825
164106
318924
22816
207166
312064
154495
274128
295095
280141
226823
187260
340070
312826
30996
164816
325340
243011
238610
93761
38061
32408
75656
195443
250951
153872
5029
145452
194405
318781
362136
109775
97987
39651
273971
284361
377005
386474
262864
57323
369863
180445
67169
183528
375162
322843
248552
329391
111332
165703
55391
291252
137694
28388
184044
46404
58922
82424
391124
132526
378885
291496
378973
89718
212905
344184
381293
339976
246245
54419
89248
376135
340884
117935
356380
216719
352573
305995
55578
18839
161287
70300
202777
237565
3572
63021
299481
200978
45662
110675
194758
10183
2018
17513
206262
120115
269563
303230
377391
77073
315967
385399
6026
349804
125919
307106
284540
312817
24545
22286
378320
49537
232843
330629
349749
386333
317122
181705
45420
358936
206101
75311
245352
51580
326612
103540
68087
330230
392504
373557
308360
251387
358359
262681
292417
251333
40390
344514
180229
181883
388967
12124
105375
7392
88110
223351
274937
202465
5838
87726
57031
371676
90772
140332
193012
267642
66900
241715
218985
286928
247487
275785
140144
263855
71065
222953
202
141970
271839
139489
372886
258830
212118
256502
300115
261213
157095
84468
218768
184439
108577
149742
164945
310623
308759
77992
306539
341966
368215
382420
208267
153566
377562
377800
272528
230822
309016
227743
258741
72945
40849
256496
371946
325553
179420
170826
197313
251296
115887
333349
188759
352247
221971
205203
22761
79494
308313
246907
190274
299438
258673
109028
84903
265946
56132
376896
337640
59737
333116
343500
344521
327539
263567
217382
145818
59021
155022
130100
29606
380711
251234
265147
28868
351403
3899
328990
80182
129396
320222
219917
165314
100301
314651
55838
88912
193991
225697
231155
335064
32440
82157
177528
278458
206302
31713
203230
288232
214040
302577
276084
39689
232793
13505
1534
156484
305287
254536
246521
352171
29543
108935
207121
168216
372009
275052
208465
176526
153771
54142
264416
269091
366082
91058
165532
359899
369077
1444
46127
53020
347756
253407
97608
294606
138642
207575
20046
139414
152859
193675
297329
326905
171916
76742
119244
43802
19919
384771
313721
285965
118512
185303
72961
388684
28755
357288
231340
95224
201168
4046
81330
335498
88982
192885
231762
11048
184865
14071
10537
343433
6893
56307
192470
322089
289827
127595
313785
96077
361095
151271
250598
324573
34876
250827
317542
8305
130133
364516
188232
375764
181732
298981
192906
111447
228137
255116
355631
317309
254732
267644
130569
45467
335118
129613
201800
172292
382249
98104
72503
332749
42257
320170
70702
365888
318199
166393
174821
287919
93898
184571
345926
171872
338381
232269
305220
364462
85858
271982
286624
266030
71955
113744
270914
382125
64279
274577
375449
53611
38547
351106
49874
392210
126542
59298
380323
82457
8280
354100
54076
273110
311385
330927
190276
250771
215674
197524
135652
226965
128190
286967
310779
236250
354277
107165
247105
234856
139194
151188
211859
342770
191354
577
195121
200134
126843
63205
377199
177042
359116
109894
357842
310394
72959
299588
56576
97554
233010
201092
4567
80209
249430
29920
236693
139127
380250
15337
93229
263725
17307
320421
305345
60677
18386
367803
143684
288378
284424
214318
178586
254073
157301
117767
1966
4200
83683
74526
332070
209978
287871
294187
203447
11572
139921
166511
319344
72575
232920
550
114636
239964
157161
283108
105792
43140
361574
126947
111633
205938
59190
363407
106239
365161
55393
175180
37131
169430
142911
324244
196305
16227
229353
79337
121864
368082
71051
52752
332394
321188
170570
141453
370575
387643
64613
172940
295809
323270
107248
303770
330819
219560
8183
355079
132768
350672
291542
18253
145869
91337
121559
231655
121146
175474
200902
293701
362162
225044
234351
117724
32237
14843
135435
383593
391967
131208
306512
186245
145290
137308
227078
63012
97927
199505
54744
375758
87782
377677
207892
247365
67676
341486
164585
66434
12000
115477
106733
92511
380333
77181
115443
310282
165990
355349
130564
312206
187899
122824
176928
312552
262336
66104
54072
388824
130356
381505
18039
96945
97360
225395
230555
231503
335049
335036
204650
54979
274880
42142
42811
262583
343357
157670
229008
158166
159639
88808
52816
362802
27949
110046
33741
139930
23621
258965
335070
163621
121142
365139
345445
355203
210886
313346
39840
175954
333414
113189
361640
332399
30595
280231
52387
239961
226503
105066
13045
302914
208178
20426
181788
365572
41220
320342
187200
390098
305449
167550
7172
236611
256963
101141
138227
111058
321401
283591
151117
100096
306229
125890
128192
209339
91845
311933
39310
84372
169853
12376
187174
348983
267457
136500
311548
143432
202553
313464
13311
281332
339129
93865
377775
235817
284316
81484
90576
176725
215071
55786
347865
313227
76250
209990
100183
326061
59440
218203
166405
365608
173376
225849
372674
294594
153716
101411
65473
150606
168034
293187
92582
98956
157051
65255
78146
226880
242643
360702
243364
239394
326486
215001
205586
111671
282683
142363
38041
7399
177815
94189
180985
335820
104478
48275
215493
23017
127953
340051
324401
195141
124482
375702
149920
302258
50522
288289
32083
271362
320645
348672
84674
94096
336286
314922
15476
116499
54827
248592
193628
145104
39872
69813
283465
391471
286279
140632
76870
375857
706
267139
384494
256284
344919
306472
76971
392133
216692
291314
351843
243412
221683
254192
189590
80081
370650
304120
218850
8561
380121
180329
57225
188781
233525
378929
61335
289938
15331
209216
128327
385226
380419
305855
62888
40789
212290
57322
131938
329792
21473
32246
343048
221379
253419
323542
252349
193774
29765
94091
195934
292168
353181
91740
28255
375735
9949
7291
142030
295286
84426
346480
99028
14758
339055
342183
23901
173081
249956
245612
28939
198268
71561
325593
191509
249962
186487
141022
46988
229919
10075
25659
96630
120204
375223
108256
196607
115442
118776
369157
205899
59970
255848
127046
71020
127835
36952
182756
345561
311214
1105
128529
28355
180045
63482
14223
317633
363005
301235
232739
73985
327869
376926
3736
289392
67475
12041
47913
370643
314405
148846
291600
392396
368097
58748
187673
321346
181855
264034
350626
181204
40679
374536
23573
270239
198442
212738
128997
242779
282935
140986
185475
17565
128440
274484
345546
2054
145446
314597
300967
165998
102654
256516
2452
150436
105437
221234
71741
214858
1465
89772
28762
237342
44218
271048
339970
138549
112506
198512
339258
256476
14418
200149
134038
183326
373500
254697
121209
215148
386467
201459
264022
388899
355748
183426
274180
251086
94186
120871
31991
42221
345375
92099
15677
377887
273260
31821
351751
374484
45233
381331
146308
390137
130277
33657
340123
176780
340249
250622
226112
190092
389395
110168
122866
359256
261524
15487
231973
209504
8100
323532
113636
103249
136936
334954
77695
274879
365473
390905
155999
100991
357217
339012
43099
328014
7726
362755
57781
221297
272348
217836
380169
320491
282105
381406
63844
374804
145692
6597
140025
286907
51982
233200
222668
337722
172063
367405
43030
374710
270208
273801
222294
349200
209733
324252
286200
85901
143986
233743
19337
238916
172521
257825
297721
113297
284520
172530
71706
151472
332533
195758
116023
364357
116405
109010
313379
92822
90007
2715
179613
302555
163786
130409
335872
386101
47039
167603
93431
98948
212609
345630
181389
75780
43245
105401
347734
331382
386557
162843
54953
43887
189235
53117
27867
276382
5107
192925
12247
259617
26331
59750
1145
196201
252553
265901
357562
342657
347854
374421
103826
227756
32593
234060
217540
338985
289596
358738
185095
23582
234674
89424
259613
156952
265870
207609
211890
348090
206155
89855
141195
270032
135525
125096
22116
244485
323848
218441
99239
248095
332219
2189
297297
340670
28985
248054
242329
70448
214702
320936
186063
295766
324679
298895
142584
292580
8278
367391
362830
222022
212091
372350
73506
33348
339933
199473
326893
309717
225979
107190
384119
52160
211289
90705
143214
295097
345289
341461
10175
306854
101972
288462
87760
156257
239450
184285
173302
186999
127779
309882
193582
38122
364419
178597
356717
200681
83144
343246
322733
240520
320703
198467
239994
268751
275511
35007
333841
145612
202073
245404
64682
28405
353884
233177
215254
309899
177896
225887
231883
188020
372562
210370
58788
162592
162129
31558
180152
117288
78434
242506
206050
301226
206572
71229
105630
20531
336667
52821
221202
361216
111827
46583
208966
324341
10367
123223
114548
184365
99066
181864
255413
65885
189420
344209
381575
381463
368045
233320
245640
377459
362917
156564
25173
55890
374687
110304
128232
372563
191727
306173
188593
180360
145383
287451
370202
385256
331676
37550
391556
263505
255174
377036
19600
173786
182804
202679
239710
160952
113785
82427
94082
344133
235429
36937
149955
242676
108634
343091
311233
195646
21935
255442
306519
262781
54521
283578
73579
227300
13549
92497
6277
67856
112650
158863
115917
64067
62912
225184
175252
27235
368018
270777
171423
124094
314563
257768
134082
375918
246374
375075
38168
340656
5943
324384
238241
240097
388748
359950
352323
41510
193685
121231
258982
128817
81474
385066
348764
370763
341808
203960
368782
369584
171333
296979
54088
318559
303
147496
159005
100542
222013
149853
3967
171632
261979
370824
19110
126660
62152
148782
234772
74207
50902
292226
175115
255862
379467
53122
71714
31849
143130
65054
38742
29177
336536
110890
207263
300918
182362
270265
113387
362627
284429
122201
252114
389962
43011
269483
82259
137072
254968
130470
236674
35375
141737
391509
215452
38083
28013
358518
66265
314804
240040
74942
304228
10145
279332
275239
202373
318972
302414
315995
143950
122981
124622
349914
54938
318505
386363
5356
126597
61676
176307
25387
286691
58395
230367
101080
279771
160110
134156
210739
60953
317733
6540
98043
37012
26380
178984
179968
327543
190135
65523
56862
123447
129309
65962
201646
311727
216928
127229
197118
80728
94527
138752
390350
265906
105557
355881
3448
175997
329482
253393
184849
49460
192799
300822
380680
385611
382998
86501
185750
23653
92149
273933
374495
86410
127111
167953
63368
126237
325705
297747
217147
346136
33925
277538
163132
124866
51847
125095
112446
232258
100595
165766
134769
121538
265950
134420
193516
229504
56666
392693
291108
360010
33495
317930
114865
176797
283527
164837
335408
340771
96675
151408
116736
157941
92738
101123
45827
2665
174873
304969
26170
333815
249235
44482
165875
79940
360014
317753
29970
322281
77066
375188
248997
97870
298106
292332
87831
267357
138985
258456
54084
61131
123521
153110
153167
1213
16647
388123
250476
130547
49174
94593
74702
58283
22771
279341
375138
307233
74769
388889
59739
13989
133241
327259
105412
247033
4380
42382
145778
343389
69327
391227
256392
131273
264703
349666
109822
203021
13574
80186
187239
369766
118828
261952
384615
106283
374979
223630
156941
119079
53603
30864
390211
11557
39212
388449
124559
177899
309215
378573
292865
111561
112065
270313
325706
133849
294950
93242
340937
113232
110717
252108
108519
301574
363837
114786
352840
106529
103028
270988
101204
114371
369719
322191
75937
112139
32622
289299
210160
190119
158305
325875
251688
37014
374989
59986
170175
371372
324850
340143
333775
345355
32182
52266
168548
7873
32219
34785
330100
221981
132556
8719
202520
373262
83264
314997
36399
109891
159218
348977
370565
349363
248092
234805
262556
201653
222105
375098
48848
310768
316037
5201
359767
324326
136359
30737
128810
152136
110373
220355
268432
45944
70645
77352
388871
84375
323786
346924
124438
219695
329263
80054
33896
312004
125395
64977
306364
202486
117884
262028
157187
220688
10400
369650
276405
304598
98512
287064
93315
140661
249064
61997
20880
207324
316130
366517
127626
114355
147263
226306
324482
294419
276269
6454
84038
270598
175502
162196
46716
33532
213392
267526
298731
113839
218523
346895
258481
70307
323134
307675
246221
327303
230683
304233
25084
147880
340129
188291
121387
81236
149100
317816
373108
7685
352065
65277
256272
6972
157078
60278
272273
132234
77480
108225
17094
270033
349044
338446
221333
54425
334066
187877
226675
304182
257461
369178
371848
259114
179983
201563
378534
49142
141069
155762
273458
60008
387034
71472
181081
62012
242768
234352
30775
392510
176302
320704
295122
118914
127271
74254
148421
278393
335069
119706
182887
212054
19809
112216
294830
161443
184966
250531
381133
38197
340007
248897
236406
17954
380212
200908
28305
296402
279561
307205
115341
147441
307816
4568
167798
125875
179741
13511
112783
78852
268439
121486
146657
307887
219847
101607
372625
14955
352155
8611
265392
392402
247394
94059
310927
192547
212840
246680
39688
319424
986
84440
177347
159526
382366
27363
276378
200798
74871
355008
328687
371647
111287
362548
295190
349691
44987
63447
3443
209853
221434
149346
193938
81727
380774
280998
42434
66305
231476
90171
102956
322724
7956
212539
43577
244182
193081
22141
103505
218881
165546
195699
20634
183083
76847
95060
11597
236767
53542
236692
110309
230623
73241
98888
90817
60137
94939
10987
246659
305169
251197
290586
116055
35835
300547
377087
363770
259557
300615
120172
66251
299394
5267
261648
201241
366814
285828
8103
225028
36393
95456
38342
190006
183489
227701
71123
190978
37430
262819
382669
139235
339019
121312
121681
2245
376816
348725
25045
141429
30271
99729
118721
83246
362721
100941
381567
143379
159785
190384
88263
357857
290767
181244
340727
315978
30140
5914
73360
379584
80518
47791
208261
284050
200073
81238
281172
101654
141396
82322
253649
371540
119766
232011
142149
203295
353184
211585
177555
227748
306142
307979
376423
238428
110946
314139
277157
334172
191282
148265
73994
146916
373787
39528
353024
338634
219611
237142
306238
374280
305679
239160
307815
75474
291661
22249
245591
143293
116031
206491
246006
230467
177319
186257
47993
28239
226661
70642
212030
258327
103054
80592
369089
179831
36721
301716
3613
92530
195234
355081
251666
87441
302166
25532
324728
233018
86339
28168
374679
67115
11094
228291
266785
267446
124485
205734
251137
316351
60022
110735
142445
243046
275596
295682
214499
4543
137336
218236
378654
52776
309922
386559
219621
330088
193711
354811
358513
212756
83541
280788
132388
341717
371026
225409
42204
170316
268810
128445
374468
278171
162548
186207
84508
274893
167729
34786
256604
123240
201806
164382
303763
284450
355188
361675
101461
203805
269534
304032
226847
248694
204220
221934
254387
73603
145494
70921
158859
254203
95472
343686
353064
15848
19508
52919
113426
41756
133523
102263
371511
31207
317621
15643
25966
40036
136969
24160
249221
74098
34396
183520
367167
344061
192172
76625
26030
148109
283456
50892
95464
92876
240357
377312
178028
64564
234239
377582
121303
250727
32642
245793
379499
243564
37426
87020
160532
242551
221724
259990
258634
315686
106034
374502
170432
311454
212150
338850
378648
336538
160650
72800
387877
252155
97258
321393
354678
212163
312881
70110
208815
33261
247925
28394
342460
89448
286489
352555
71505
284138
374919
113198
171354
109562
78269
177105
197441
68971
381083
55313
185160
169911
280051
127210
2485
134928
295900
285489
98915
359150
257696
223131
217239
123307
374446
308346
333249
98759
55941
326199
329823
63669
133522
92774
5496
6659
181287
339693
81766
359147
245002
162141
178858
269595
136113
330842
115135
11561
200074
272967
36568
285555
327854
14913
368555
76544
371528
231542
139854
57195
220370
11153
71085
327705
337187
179150
81068
222489
173214
193951
265676
317270
67011
90646
2932
95276
42870
169415
375550
183339
305656
264764
377437
344658
268266
274341
367435
389541
189353
320583
127208
326884
25745
175644
134173
3485
55087
388136
274170
175499
185018
386707
353030
213041
179878
143067
371106
191809
134943
370004
381750
137653
63217
316291
55998
33955
132896
319878
46980
197255
358074
339566
382227
123184
7396
208283
366812
376510
153952
297514
62138
232126
86592
312802
63890
173732
103571
83184
354878
212699
35078
353970
317704
213537
389911
180192
227758
90991
163932
313423
66386
64445
92473
243158
60504
254562
103001
290275
89139
270810
229247
138054
20089
160557
228051
109724
3850
253276
28016
61283
19075
281856
301928
350496
315415
175118
48152
210657
215866
105046
102085
58926
55293
313833
353952
152969
37088
332429
200445
389658
229986
217458
133232
306465
79487
263853
80365
373736
378988
129989
60114
164612
279245
148296
193946
148593
249884
273963
71574
82609
140257
369321
12387
391209
257358
177718
273217
170103
209649
106476
222229
58825
222622
291923
323697
6474
935
9923
348467
154061
138235
41377
315293
72836
42314
235905
8310
384437
230354
142656
145397
217293
324399
144791
268648
36920
257927
207189
79821
316116
190565
82309
307182
358629
317322
326118
39877
85147
240486
250328
205086
341781
143141
39978
242782
317211
327443
45377
28201
141032
30841
90218
73677
325885
312192
86183
105574
251601
195580
178049
145399
230515
222877
306818
118852
202810
246607
109821
130914
283202
115781
290180
42982
320890
141129
177558
115226
374631
372012
184342
335240
165212
323269
178277
6083
381389
126982
125421
161055
53489
187532
251925
112095
21609
172427
54020
145516
239158
123984
179086
204437
30397
372559
373266
284843
364609
42078
63688
324686
245574
318114
2500
45255
95404
221565
298798
379199
129259
293467
129908
187880
259401
5834
77169
56061
349250
373775
311278
218169
57712
34115
337611
114352
330615
174022
82715
376870
272934
378510
282624
60784
299532
358012
324697
124953
138151
388285
55403
262346
362489
152951
222068
239719
34871
258441
119426
257421
40216
312034
231278
384206
183217
106001
10031
359784
14994
272540
353814
248787
212793
185706
392047
29575
224553
167094
250781
38117
7809
218167
164195
158739
100624
288719
303602
294102
170646
94324
164778
194617
82482
103377
170846
375277
383889
24359
253243
135401
66765
146895
283613
208134
6913
176124
299763
307321
203179
40807
53669
347863
55141
329113
7138
97382
114261
28514
55627
190704
35392
221254
61661
331407
121221
287756
359595
34623
374643
11568
31022
259150
334410
3808
45750
290612
98264
157409
302649
233457
299456
296720
35008
7548
159382
199457
263666
392668
138571
98189
52146
264710
108597
49427
275265
171456
236279
164728
322992
38105
258444
136878
248042
161107
129371
202441
138116
159414
3601
143914
353449
223052
2207
99336
57352
273177
150860
97022
290010
242422
205986
249445
17607
125244
149542
119198
255908
83626
302071
152619
199769
166942
254296
363121
184757
34185
26779
54440
234899
134852
231827
282856
362525
131274
282736
50600
25454
91785
207423
75111
289278
9223
301648
160244
194007
250050
336521
211238
150845
110079
315797
340058
377593
110600
217637
110816
317669
84627
193257
155253
372541
371704
340475
99049
322683
138449
193723
362631
290862
47385
136248
19443
172732
350666
139619
130206
113088
340933
46670
265113
235979
167528
263436
104286
178935
321834
30772
279730
354404
60926
252927
2559
9023
226722
316574
188697
216454
314908
228842
108436
379516
18932
6059
339306
128429
372712
12313
179922
115774
132025
161110
226932
124564
162851
199607
391217
18558
238901
294783
341770
321986
193075
294731
126043
106721
209111
296127
256052
54588
159338
124344
381878
371770
197987
259862
113747
355142
250606
158889
84072
307048
328910
212210
48225
288622
373309
209282
34031
178479
85554
13150
117825
58576
291367
180719
17950
9790
389141
326926
207647
303420
257222
221167
150550
161587
129984
342051
86536
339826
203888
323689
170787
361351
42011
211449
270872
108036
208546
27357
360792
42585
109208
294406
33828
182620
221186
205348
238662
308882
200289
315312
203886
162604
182332
92768
144286
311756
40848
316767
262452
270560
86732
226248
283165
26227
169459
295137
158593
100842
365011
309709
24520
269161
209632
205103
10668
140013
251677
177174
299142
10006
115235
184679
160287
386156
64824
72806
98403
84431
353125
336377
52856
207595
31495
131172
301364
153848
270191
229932
14937
132955
74647
360836
310754
33658
26745
159261
215047
222034
369605
296431
15254
237156
252955
56684
361019
315533
24344
48094
251726
10421
244250
68426
69385
320922
115690
378865
225774
80565
144760
70439
34605
175171
186491
74114
77988
198718
300178
359366
376131
25459
77769
2585
28041
28735
99276
384772
93459
8702
229548
268637
246870
387531
62166
279347
356518
54300
113968
306807
213333
208573
257193
316706
223593
89780
304569
317610
338486
320500
251130
15316
269400
25223
209256
294868
118386
295556
145895
1495
15178
352910
115227
343239
285780
70549
21738
227363
69086
367096
222598
54707
22509
178645
376053
369108
40843
355949
362431
184590
242798
6603
186197
253231
250010
128738
299671
143286
233926
245880
5960
1583
309853
227057
25251
49687
289012
367224
162002
202202
77141
361875
348682
270677
109840
278467
318487
376173
60034
333236
12492
193362
388943
228067
137696
63718
173130
26916
255879
49940
276764
321675
316261
4683
282955
21171
89382
289585
262663
134000
79368
185612
358022
121488
67822
387864
4100
352973
164203
357829
81061
350296
4282
244293
192713
134981
330007
128811
5605
138021
26620
198051
314350
25764
342008
385980
238580
282807
201680
161696
160846
88566
81440
134751
345704
85143
368296
350757
85329
313963
54584
63099
260733
327865
128050
104411
383
36194
200451
368628
289742
113079
19607
325055
380103
306646
48266
44040
242840
386218
218201
78351
145611
142395
136191
102992
88260
8572
336166
39869
340785
236066
197542
44414
58394
309690
226515
233159
252765
356358
90023
304974
279862
206254
8707
151770
272965
248018
304707
299312
194775
107541
156095
322430
362766
237317
124411
49202
83734
17225
323861
84457
129285
146362
319097
77283
330074
21995
226488
242825
110859
108192
105817
75398
301139
224440
115740
353529
238249
274257
322200
192204
246300
321364
55352
81192
95920
240176
133748
27051
69447
291701
119870
125695
335214
159981
19838
116688
360946
166719
184258
364023
350989
333759
133385
302262
216351
344617
88030
168614
127651
246178
122237
182036
193076
265187
186015
69293
137980
386650
88357
166389
119080
159035
278861
164101
157152
183239
240536
285989
207163
116067
293574
130881
178834
203214
317513
92022
50223
157806
347646
296856
325919
75621
211774
73156
82317
95381
27576
284343
942
248190
235104
61043
291146
9697
204486
205214
190707
64345
111749
78481
292569
359369
141397
316134
308897
267519
79322
241232
372380
316124
279822
285378
91165
156710
389481
294935
344167
317148
122980
210613
255567
203651
33146
170767
206002
59158
231168
159849
121179
19297
280719
341738
386690
261496
360794
307699
169186
329126
334736
134593
121603
303804
228530
120918
28646
53184
199628
306341
340369
153499
105728
370087
157506
117956
244760
138698
17523
173816
314294
136180
289264
344168
261276
352486
146817
206005
284234
219183
146355
291040
32719
137302
95501
360399
223325
338389
81888
290914
348841
342357
50828
25675
293611
261988
230306
226374
314686
87005
249061
5463
312126
246899
291088
344375
13982
83759
195845
263031
85212
204192
188843
146168
4379
327472
300077
147139
358619
191649
363947
20019
2099
192313
189953
256193
290009
84946
191110
335203
227832
320564
79717
255807
90306
134387
279416
365278
234839
265255
56427
192138
26954
277851
218990
16839
142816
65538
311324
89016
31110
115639
290974
136760
267900
345983
347236
29773
212936
301809
162166
318540
199121
22660
376538
279060
295759
157449
316465
378165
296215
89708
43093
115805
183510
133274
167971
287256
365381
64271
40322
92874
244096
112340
171250
288501
317474
196989
241395
118472
145105
46470
117297
136043
237292
377849
51077
283123
73550
11231
231132
179232
378860
26592
36541
62037
29471
195109
290431
176857
323523
33706
61135
148429
116283
390695
3208
384980
73952
181939
1926
97236
31482
280962
347011
356811
179093
294122
274344
88306
270241
161754
42464
235144
89034
129075
142605
233688
321043
371512
326424
42513
223528
141477
22251
127482
152655
342367
284777
29655
39019
164447
37299
277669
152600
19644
159273
288238
102751
114463
303853
14832
358522
298364
119937
203301
253906
84157
9325
232326
67492
317064
116301
183353
311613
388815
206995
157524
56914
171371
178544
226890
11853
303537
69222
110219
364350
157802
230870
222990
71463
5689
124677
206813
247357
150964
322905
86037
222721
336301
45113
254687
27555
248276
182474
302596
360974
300799
345017
339181
367273
91483
90860
47440
112894
274710
23521
117062
239847
286966
26660
392453
345878
112620
50980
93945
153276
331457
47957
257943
89589
272182
149124
324701
293990
172725
25990
10354
162758
7287
228381
366686
165887
197710
56116
130114
18283
53597
32070
213196
52686
285898
390008
170312
215977
109819
156895
371298
237376
312300
292741
91806
264663
113376
379174
321173
157302
138350
96403
167350
187092
341031
92354
247719
270112
233586
366114
39372
215593
332942
172
264257
98991
319085
49015
245154
44345
28299
233265
262398
347513
381896
71033
361480
95900
306699
291504
152172
376460
45902
55556
110626
141174
276640
142601
151279
329980
220545
284403
189462
195981
55980
292223
158260
80247
253588
1252
72634
246549
121085
306582
13461
202673
264913
189710
272242
367780
183649
34500
57792
184517
221134
259017
143380
183009
70136
139104
61101
373716
163989
65424
147215
98329
109067
73239
247377
9583
290640
181349
39568
167058
147841
40089
380120
199293
126534
60807
199104
114263
355712
280116
258140
75176
61491
218024
315998
33794
217736
99498
157667
337952
108728
217243
256133
193953
322653
297275
278229
247031
11524
336044
351354
218794
108207
60274
246051
194642
2119
336333
148024
265748
216527
78109
94804
124195
90083
105218
95586
64037
230829
35640
388252
126988
179974
389711
3268
33506
307491
286423
332638
265097
52504
274318
202877
224789
61870
209664
58452
211932
174075
261951
141256
286678
196329
361170
292840
347416
31194
176408
258903
129139
332843
241381
194233
254759
78369
188417
125221
254991
293540
35957
105210
191654
312143
322453
282698
19933
116469
300362
124645
21819
75405
236843
150226
303122
25772
147304
273632
344559
42152
84155
300817
229285
356643
116949
80144
252269
375226
241780
77949
350603
179140
289195
302313
199867
382553
61707
113321
84519
187473
149760
34767
285567
273487
247531
231064
265783
330108
340856
37735
273257
292503
7385
176564
16571
319571
56874
237041
352049
167418
287758
135552
172679
103152
35217
1736
33877
117536
95174
192729
92025
323675
248745
66143
110049
221176
175650
322561
186944
12103
52421
99822
135604
333850
91514
291674
230316
300378
71437
350303
74204
348480
374784
72562
65484
25199
308449
369111
207730
76382
248826
88712
48039
41460
75561
276009
32932
93117
117606
348836
95338
284412
94172
254691
109722
227620
280482
241113
188674
152134
305999
80438
388920
301510
338178
208323
351404
126748
287126
228508
389485
22317
43320
61092
364356
139578
81090
9687
111836
244720
166105
146368
227354
36041
225257
76869
357211
245306
17183
210698
50258
266015
177620
340991
343003
62541
61477
259683
339619
343956
25298
52862
381337
57734
130064
188850
349137
285195
164828
159463
131422
79959
159267
225786
214219
274086
53522
171443
376576
166291
276781
15434
178512
111274
198659
284675
169585
181953
48416
243370
239457
307209
151416
16980
105990
221678
70395
156790
228362
97120
158139
299827
325814
158155
272699
297280
266211
958
265755
22045
63598
280830
129973
337968
301466
312718
368821
313531
87161
93753
355511
368597
84820
244822
329821
333113
133877
208625
343835
91314
6317
203984
103109
81608
84486
272599
146228
371251
22783
76626
230981
22542
96912
122372
217964
320413
339223
132106
167037
331498
234088
283526
91615
291313
170937
330917
127583
346874
287927
311225
9195
14390
329255
254430
217522
350189
391385
357139
213818
139601
33461
145997
309652
6119
111661
126871
28408
132288
26256
250926
328597
29149
137937
282349
138335
392050
381553
128198
105134
247421
339843
216022
223651
15370
309556
268674
148058
332758
178402
38746
330516
257987
54168
51928
8666
283258
156444
370235
48281
129108
236317
163443
233699
218916
356195
26794
218234
173098
66734
198133
192794
353998
44695
298760
342991
81064
275738
131105
150910
107598
348531
181171
177456
374125
65741
64689
291160
346298
234615
122525
83161
193753
312678
15984
108517
25391
288068
260710
44818
333927
207515
241941
318655
174384
158793
252521
92352
313797
143707
7866
258512
183538
65478
23167
39683
92973
341258
333344
33266
346373
332287
294148
156432
277129
56199
247918
358408
34416
89631
211501
109868
204102
183280
357849
74777
224485
371271
38433
205916
353959
238105
143043
255423
202556
51520
25292
384345
118866
329134
234597
187166
388474
111411
378180
229028
78461
200597
390500
124496
135427
80659
83389
25660
286108
280489
95492
28069
380872
330590
160922
322249
14644
358333
375327
175914
309843
74598
337801
46749
67731
284415
114958
282676
49445
99546
209503
59827
207427
344999
284770
302751
64401
129295
189513
388601
237536
165059
385774
131468
275418
172650
166773
122450
31997
12263
137538
30759
80058
388554
89939
298985
391076
204111
367367
293956
130223
170524
66219
112127
269144
105115
252791
169392
177103
319565
26918
237768
159934
155264
363763
86162
293912
197575
35292
527
367508
138872
375703
327073
122316
269888
128374
235774
126148
116526
341642
49038
212505
166823
184357
19733
232788
8643
238797
107868
343684
246748
197713
185413
73885
54627
313317
149476
120867
272886
365158
135624
191596
326178
184187
254743
386668
232340
113766
245963
371149
185443
145581
60196
166311
326748
198528
214431
99346
235636
342426
56470
352228
121070
17965
370214
44085
122596
311959
180902
43825
219280
366915
298572
385605
374043
17916
7787
371999
187467
120159
196627
367469
119231
7068
190457
54208
61356
286929
101394
388215
142329
56170
45231
384813
194343
97451
170411
78152
20733
48002
205949
170390
115879
75293
80071
339498
334767
30300
58954
47032
357472
94467
40095
356154
174042
223852
157938
16149
329609
204675
328813
306705
99706
190517
219753
69512
351795
232202
315600
199952
103139
260450
175228
210516
362723
258311
338254
24628
42984
343697
83613
256998
350428
274495
60500
59326
257376
279231
316648
55202
57103
262708
113407
386827
16652
218346
25243
175057
46347
198883
268457
356508
343608
196794
180587
133367
66399
379796
196710
72708
292521
326409
54235
289536
313027
115021
361895
275574
61482
250437
354526
360262
171430
101512
356406
115576
363166
90123
218796
238219
301025
160948
180729
316895
211718
297279
342238
139233
325447
306962
210075
145603
55179
185629
163185
21654
258656
294587
381940
92593
205785
305402
310835
263312
217706
35163
229518
88081
73277
374382
290954
139535
340624
137858
344248
260470
207820
17317
306013
55928
259019
132133
126996
250911
148013
360258
225335
143235
128125
170415
60975
338468
173562
203141
293978
88201
240497
71287
174393
264601
51825
256994
281824
184954
14512
103777
15421
6669
209975
335687
359490
305198
208791
273202
114106
78858
109200
270373
124510
386395
185662
298518
380644
353917
321735
354463
232604
294262
199406
121498
129826
5521
249724
331849
188764
64414
55819
23460
83764
98507
183459
385310
366983
171771
190770
91479
213414
139661
340989
386744
301632
4133
381244
173342
274140
214147
135581
8085
204978
361648
241765
42201
129091
144062
239310
84002
1897
195259
296564
280069
95687
257254
125655
114946
151606
296825
351897
99163
334945
4753
252158
6451
136267
103760
251105
307176
234883
139638
92857
261755
348290
1853
91478
133537
156749
45679
340246
101682
91274
107872
1505
124331
288631
373611
45054
256968
37768
346242
216676
165138
33140
320246
21882
345456
226689
243449
363843
376739
121458
107174
197469
228673
308592
153620
85171
90541
2101
232333
183591
77556
329924
211645
370518
313085
143318
295649
135476
255942
145601
8061
305246
13010
127918
345964
245602
267548
104907
29814
213593
203061
69839
147334
273442
277049
374609
94929
144387
278479
256939
264051
203083
75073
386169
107309
62518
258208
315659
191212
32782
101763
308462
187181
245930
201474
377470
256402
76552
21435
100547
227368
247126
248457
255845
201234
189049
218336
79683
73909
193965
341905
162185
282626
371129
377250
125098
389927
127810
44038
371593
37334
33377
249524
79236
212200
260084
305029
256704
42432
63343
116908
133747
365823
203013
177892
95155
140237
318633
55760
373712
122592
288165
214656
58988
358859
204149
198479
95666
207419
